0000000053
0000000166
0000000106
0000000135
0000000389
0000000025
0000000065
0000000201
0000000473
0000000060
0000000031
0000000901
0000000123
0000000129
0000000187
0000000027
0000000091
0000000015
0000000045
0000000325
0000000031
0000000123
0000000254
0000000088
0000000059
0000000116
0000000341
0000000222
0000000380
0000000102
0000000120
0000000371
0000000047
0000000053
0000000588
0000000025
0000000190
0000000426
0000000199
0000000188
0000000376
0000000217
0000000256
0000000108
0000000333
0000000113
0000000072
0000000015
0000000145
0000000257
0000000062
0000000332
0000000081
0000000114
0000000452
0000000072
0000000054
0000000072
0000000091
0000000061
0000000118
0000000248
0000000048
0000000260
0000000074
0000000087
0000000188
0000000093
0000000221
0000000048
0000000174
0000000094
0000000144
0000000088
0000000086
0000000097
0000000033
0000000293
0000000228
0000000263
0000000027
0000000358
0000000044
0000000073
0000000224
0000000225
0000000295
0000000072
0000000018
0000000238
0000000031
0000000101
0000000079
0000000138
0000000036
0000000426
0000000153
0000000475
0000000020
0000000097
0000000104
0000000619
0000000266
0000000066
0000000018
0000000307
0000000247
0000000139
0000000059
0000000222
0000000014
