0000000040
0000000070
0000000145
0000000236
0000000045
0000000018
0000000140
0000000170
0000000075
0000000186
0000000026
0000000161
0000000139
0000000074
0000000076
0000000113
0000000100
0000000064
0000000173
0000000405
0000000034
0000000307
0000000050
0000000114
0000000237
0000000063
0000000173
0000000026
0000000154
0000000198
0000000145
0000000105
0000000147
0000000072
0000000031
0000000086
0000000385
0000000017
0000000461
0000000122
0000000062
0000000193
0000000057
0000000145
0000000252
0000000118
0000000075
0000000591
0000000149
0000000039
0000000379
0000000050
0000000043
0000000189
0000000117
0000000370
0000000041
0000000150
0000000265
0000000427
0000000223
0000000136
0000000019
0000000253
0000000104
0000000042
0000000142
0000000462
0000000024
0000000106
0000000258
0000000118
0000000197
0000000058
0000000413
0000000123
0000000177
0000000037
0000000034
0000000038
0000000032
0000000282
0000000022
0000000099
0000000181
0000000054
0000000097
0000000064
0000000308
0000000197
0000000217
0000000189
0000000035
0000000015
0000000150
0000000057
0000000204
0000000167
0000000106
0000000114
0000000350
0000000544
0000000063
0000000111
0000000045
0000000016
0000000588
0000000500
0000000178
0000000475
0000000305
0000000016
0000000173
0000000108
0000000275
0000000921
0000000027
0000000209
0000000183
0000000217
0000000015
0000000111
0000000243
0000000084
0000000025
0000000315
0000000278
0000000512
0000000026
0000000127
0000000149
0000000059
0000000117
0000000119
0000000193
0000000043
0000000089
0000000057
0000000214
0000000249
0000000036
0000000239
0000000301
0000000048
0000000169
0000000030
0000000079
0000000200
0000000058
0000000044
0000000023
0000000832
0000000051
0000000266
0000000282
0000000033
0000000040
0000000491
0000000181
0000000091
0000000127
0000000030
0000000191
0000000069
0000000233
0000000059
0000000188
0000000141
0000000081
0000000331
0000000329
0000000882
0000000115
0000000332
0000000027
0000000245
0000000086
0000000089
0000000401
0000000130
0000000076
0000000128
0000000662
0000000235
0000000088
0000000079
0000000117
0000000041
0000000093
0000000026
0000000081
0000000669
0000000156
0000000068
0000000062
0000000349
0000000302
0000000219
0000000205
0000000088
0000000123
0000000094
0000000423
0000000205
0000000034
0000000178
0000000467
0000000050
0000000476
0000000303
0000000574
0000000405
0000000063
0000000074
0000000252
0000000175
0000000122
0000000903
0000000081
0000000017
0000000021
0000000015
0000000208
0000000271
0000000015
0000000839
0000000041
0000000089
0000000276
0000000346
0000000026
0000000149
0000000184
0000000274
0000000014
0000000194
0000000181
0000000346
0000000020
0000000017
0000000100
0000000021
