0000000080
0000000089
0000000313
0000000300
0000000129
0000000226
0000000289
0000000150
0000000047
0000000403
0000000396
0000000134
0000000121
0000000667
0000000044
0000000038
0000000239
0000000123
0000000370
0000000265
0000000216
0000000050
0000000120
0000000194
0000000555
0000000062
0000000463
0000000020
0000000100
0000000134
0000000151
0000000077
0000000208
0000000554
0000000167
0000000354
0000000563
0000000325
0000000161
0000000190
0000000301
0000000025
0000000138
0000000285
0000000149
0000000432
0000000091
0000000060
0000000069
0000000288
0000000110
0000000297
0000000492
0000000092
0000000193
0000000227
0000000163
0000000053
0000000234
0000000085
0000000020
0000000041
0000000101
0000000390
0000000197
0000000069
0000000167
0000000134
0000000405
0000000311
0000000222
0000000315
0000000102
0000000048
0000000091
0000000453
0000000849
0000000123
0000000099
0000000144
0000000400
0000000041
0000000284
0000000122
0000000117
0000000055
0000000305
0000000059
0000000415
0000000112
0000000025
0000000161
0000000149
0000000085
0000000073
0000000453
0000000054
0000000100
0000000234
0000000223
0000000106
0000000173
0000000134
0000000206
0000000307
0000000015
0000000061
0000000172
0000000105
0000000071
0000000026
0000000083
0000000096
0000000080
0000000155
0000000508
0000000086
0000000609
0000000423
0000000206
0000000058
0000000101
0000000208
0000000193
0000000129
0000000015
0000000012
0000000365
0000000027
0000000192
0000000023
0000000255
0000000016
0000000331
0000000337
0000000154
0000000142
0000000027
0000000089
0000000238
0000000372
0000000061
0000000019
0000000357
0000000048
0000000085
0000000045
0000000336
0000000054
0000000066
0000000132
0000000164
0000000022
0000000203
0000000126
0000000064
0000000069
0000000247
0000000140
0000000350
0000000278
0000000025
0000000137
0000000206
0000000295
0000000038
0000000221
0000000141
0000000270
0000000343
0000000021
0000000024
0000000266
0000000374
0000000021
0000000188
0000000199
0000000149
0000000179
0000000296
0000000017
0000000230
0000000051
0000000293
0000000128
0000000177
0000000029
0000000025
0000000030
0000000107
0000000359
0000000168
0000000185
0000000753
0000000071
0000000257
0000000016
0000000025
0000000789
0000000201
0000000094
0000000197
0000000034
0000000593
0000000083
0000000097
0000000081
0000000185
0000000051
0000000136
0000000023
0000000111
0000000220
0000000043
0000000505
0000000190
0000000130
0000000136
0000000082
0000000181
0000000166
0000000093
0000000030
0000000272
0000000331
0000000041
0000000099
0000000090
0000000273
0000000224
0000000107
0000000146
0000000212
0000000036
0000000038
0000000080
0000000042
0000000057
0000000044
0000000067
0000000219
0000000174
0000000194
0000000031
0000000078
0000000244
0000000349
0000000107
0000000369
0000000091
0000000158
0000000158
0000000197
0000000046
