0000000190
0000000195
0000000023
0000000176
0000000014
0000000030
0000000089
0000000071
0000000209
0000000515
0000000193
0000000113
0000000022
0000000239
0000000089
0000000155
0000000102
0000000032
0000000108
0000000497
0000000111
0000000230
0000000208
0000000026
0000000115
0000000041
0000000021
0000000154
0000000083
0000000650
0000000031
0000000231
0000000172
0000000232
0000000144
0000000269
0000000213
0000000255
0000000297
0000000093
0000000049
0000000337
0000000129
0000000395
0000000762
0000000361
0000000032
0000000714
0000000498
0000000052
0000000040
0000000063
0000000160
0000000105
0000000570
0000000310
0000000292
0000000042
0000000066
0000000290
0000000040
0000000117
0000000141
0000000187
0000000148
0000000216
0000000282
0000000212
0000000269
0000000120
0000000068
0000000439
0000000382
0000000208
0000000147
0000000124
0000000019
0000000321
0000000224
0000000453
0000000093
0000000338
0000000351
0000000172
0000000070
0000000104
