0000000063
0000000176
0000000121
0000000045
0000000101
0000000183
0000000090
0000000066
0000000612
0000000261
0000000164
0000000179
0000000117
0000000044
0000000094
0000000255
0000000194
0000000015
0000000457
0000000143
0000000025
0000000088
0000000085
0000000132
0000000193
0000000038
0000000203
0000000094
0000000079
0000000706
0000000251
0000000215
0000000045
0000000126
0000000222
0000000110
0000000014
0000000057
0000000139
0000000160
0000000025
0000000255
0000000365
0000000093
0000000032
0000000105
0000000071
0000000123
0000000071
0000000427
0000000061
0000000406
0000000114
0000000191
0000000155
0000000211
0000000065
0000000429
0000000249
0000000016
0000000279
0000000024
0000000032
0000000469
0000000087
0000000352
0000000035
0000000022
0000000140
0000000031
0000000214
0000000180
0000000065
0000000066
0000000715
0000000154
0000000123
0000000136
0000000193
0000000201
0000000199
0000000062
0000000080
0000000048
0000000117
0000000083
0000000018
0000000532
0000000088
0000000621
0000000025
0000000078
0000000085
0000000037
0000000019
0000000216
0000000233
0000000216
0000000516
0000000043
0000000219
0000000136
0000000186
0000000045
0000000073
0000000248
0000000234
0000000067
0000000072
0000000119
0000000273
0000000097
0000000082
0000000090
0000000020
0000000143
0000000162
0000000059
0000000061
0000000147
0000000095
0000000038
0000000257
0000000094
0000000077
0000000787
0000000593
0000000044
0000000115
0000000220
0000000579
0000000197
0000000267
0000000088
0000000015
0000000162
0000000136
0000000079
0000000221
0000000179
0000000592
0000000039
0000000216
0000000119
0000000546
0000000233
0000000017
0000000114
0000000394
0000000262
0000000590
0000000025
0000000282
0000000091
0000000034
0000000015
0000000228
0000000306
0000000016
0000000179
0000000047
0000000090
0000000161
0000000230
0000000038
0000000216
0000000046
0000000107
0000000104
0000000126
0000000086
0000000129
0000000088
0000000070
0000000059
0000000190
0000000113
0000000732
0000000016
0000000706
0000000046
0000000022
0000000045
0000000035
0000000407
0000000096
0000000595
0000000373
0000000039
0000000144
0000000092
0000000025
0000000017
0000000141
0000000121
0000000028
0000000073
0000000514
0000000180
0000000041
0000000054
0000000077
0000000170
0000000172
0000000247
0000000051
0000000077
0000000169
0000000093
0000000208
0000000063
0000000022
0000000028
0000000212
0000000102
0000000284
0000000261
0000000035
0000000035
0000000118
0000000100
0000000205
0000000360
0000000127
0000000712
0000000032
0000000120
0000000306
0000000097
0000000079
0000000129
0000000025
0000000151
0000000111
0000000224
0000000631
0000000077
0000000089
0000000238
0000000165
0000000021
0000000371
0000000151
0000000123
0000000041
0000000456
0000000246
0000000018
0000000303
0000000262
0000000280
0000000139
0000000027
0000000239
0000000118
0000000168
0000000018
0000000173
0000000146
0000000274
0000000061
0000000340
0000000329
0000000578
0000000202
0000000110
0000000150
0000000090
0000000060
0000000208
0000000397
0000000026
0000000253
0000000360
0000000033
0000000089
0000000104
0000000245
0000000180
