0000000132
0000000154
0000000270
0000000325
0000000023
0000000152
0000000035
0000000165
0000000144
0000000166
0000000158
0000000214
0000000044
0000000398
0000000063
0000000054
0000000230
0000000292
0000000100
0000000057
0000000668
0000000411
0000000404
0000000581
0000000297
0000000017
0000000098
0000000121
0000000223
0000000015
0000000046
0000000074
0000000435
0000000826
0000000070
0000000037
0000000047
0000000208
0000000228
0000000112
0000000033
0000000469
0000000028
0000000277
0000000227
0000000386
0000000114
0000000228
0000000073
0000000037
0000000042
0000000088
0000000215
0000000196
0000000026
0000000037
0000000573
0000000120
0000000047
0000000099
0000000487
0000000117
0000000098
0000000095
0000000293
0000000349
0000000047
0000000034
0000000090
0000000254
0000000172
0000000030
0000000252
0000000045
0000000094
0000000100
0000000024
