0000000594
0000000235
0000000119
0000000303
0000000036
0000000497
0000000114
0000000271
0000000393
0000000362
0000000409
0000000025
0000000179
0000000074
0000000386
0000000047
0000000218
0000000473
0000000070
0000000023
0000000117
0000000246
0000000037
0000000101
0000000058
0000000053
0000000130
0000000101
0000000044
0000000237
0000000034
0000000297
0000000204
0000000054
0000000197
0000000085
0000000042
0000000476
0000000045
0000000031
0000000082
0000000108
0000000043
0000000267
0000000314
0000000104
0000000438
0000000280
0000000176
0000000132
0000000138
0000000117
0000000295
0000000069
0000000058
0000000041
0000000077
0000000073
0000000203
0000000272
0000000025
0000000100
0000000189
0000000338
0000000071
0000000056
0000000274
0000000266
0000000068
0000000150
0000000175
0000000165
0000000214
0000000064
0000000071
0000000034
0000000169
0000000302
0000000132
0000000027
0000000243
0000000052
0000000412
0000000119
