0000000420
0000000162
0000000044
0000000109
0000000084
0000000098
0000000127
0000000249
0000000029
0000000284
0000000081
0000000348
0000000096
0000000571
0000000181
0000000022
0000000013
0000000357
0000000123
0000000141
0000000187
0000000098
0000000194
0000000019
0000000434
0000000095
0000000205
0000000067
0000000207
0000000246
0000000080
0000000196
0000000368
0000000213
0000000148
0000000268
0000000046
0000000027
0000000090
0000000034
0000000130
0000000170
0000000132
0000000071
0000000120
0000000028
0000000068
0000000051
0000000231
0000000127
