0000000074
0000000124
0000000084
0000000117
0000000115
0000000057
0000000136
0000000129
0000000265
0000000197
0000000171
0000000198
0000000260
0000000158
0000000016
0000000114
0000000206
0000000191
0000000016
0000000077
0000000032
0000000081
0000000115
0000000141
0000000094
0000000079
0000000136
0000000200
0000000101
0000000122
0000000742
0000000411
0000000059
0000000026
0000000138
0000000084
0000000112
0000000059
0000000117
0000000163
0000000449
0000000196
0000000233
0000000053
0000000028
0000000274
0000000421
0000000045
0000000127
0000000098
0000000144
0000000069
0000000022
0000000383
0000000292
0000000110
0000000095
0000000247
0000000168
0000000131
0000000052
0000000449
0000000179
0000000048
0000000423
0000000179
0000000160
0000000058
0000000013
0000000120
0000000125
0000000165
0000000023
0000000416
0000000162
0000000021
0000000084
0000000164
0000000113
0000000337
0000000383
0000000218
0000000165
0000000131
0000000319
0000000468
0000000132
0000000077
0000000042
0000000490
0000000060
0000000077
0000000138
0000000256
0000000033
0000000018
0000000031
0000000049
0000000129
0000000148
0000000104
0000000076
0000000195
0000000033
0000000523
0000000077
0000000396
0000000021
0000000209
0000000736
0000000166
0000000016
0000000050
0000000361
0000000044
0000000183
0000000145
0000000053
0000000038
0000000107
0000000242
0000000026
0000000019
0000000022
0000000443
0000000174
0000000202
0000000121
0000000344
0000000126
0000000027
0000000173
0000000037
0000000069
0000000040
0000000096
0000000078
0000000144
0000000354
0000000193
0000000110
0000000013
0000000018
0000000081
0000000200
0000000051
0000000241
0000000240
0000000072
0000000042
0000000046
0000000081
0000000071
0000000038
0000000153
0000000158
0000000241
0000000051
0000000311
0000000068
0000000377
0000000075
0000000027
0000000684
0000000104
0000000171
0000000187
0000000220
0000000212
0000000029
0000000161
0000000177
0000000576
0000000439
0000000320
0000000070
0000000126
0000000024
0000000031
0000000234
0000000020
0000000021
0000000049
0000000097
0000000149
0000000146
0000000032
0000000084
0000000440
0000000256
0000000198
0000000134
0000000130
0000000080
0000000155
0000000050
0000000139
0000000133
0000000192
0000000123
0000000103
0000000320
0000000052
0000000060
0000000036
0000000464
0000000056
0000000177
0000000508
0000000139
0000000017
0000000198
0000000371
0000000117
0000000430
0000000378
0000000120
0000000357
0000000031
0000000237
0000000143
0000000040
0000000036
0000000040
0000000178
0000000440
0000000055
0000000244
0000000350
0000000590
0000000159
0000000093
0000000256
0000000251
0000000072
0000000283
0000000474
0000000043
0000000188
0000000130
0000000224
0000000398
0000000321
0000000625
0000000080
0000000354
0000000222
0000000233
0000000188
0000000305
0000000087
0000000178
0000000036
0000000164
0000000177
0000000070
0000000100
0000000023
0000000124
