0000000152
0000000267
0000000223
0000000356
0000000035
0000000364
0000000022
0000000510
0000000374
0000000147
0000000219
0000000129
0000000020
0000000141
0000000230
0000000216
0000000031
0000000046
0000000114
0000000242
0000000114
0000000138
0000000167
0000000062
0000000032
0000000354
0000000118
0000000173
0000000073
0000000031
0000000032
0000000028
0000000136
0000000101
0000000151
0000000534
0000000045
0000000598
0000000102
0000000068
0000000042
0000000228
0000000026
0000000091
0000000069
0000000140
0000000014
0000000086
0000000290
0000000087
0000000102
0000000064
0000000962
0000000044
0000000611
0000000010
0000000086
0000000015
0000000087
0000000192
0000000140
0000000168
0000000046
0000000444
0000000186
0000000120
0000000142
0000000021
0000000106
0000000023
0000000043
0000000059
