0000000185
0000000039
0000000471
0000000020
0000000026
0000000122
0000000075
0000000235
0000000016
0000000046
0000000064
0000000108
0000000090
0000000171
0000000184
0000000045
0000000199
0000000202
0000000134
0000000014
0000000089
0000000021
0000000164
0000000290
0000000044
0000000191
0000000064
0000000205
0000000272
0000000192
0000000101
0000000282
0000000050
0000000259
0000000192
0000000545
0000000030
0000000141
0000000187
0000000192
0000000406
0000000223
0000000359
0000000210
0000000051
0000000170
0000000105
0000000058
0000000378
0000000459
0000000164
0000000206
0000000156
0000000135
0000000114
0000000016
0000000056
0000000026
0000000470
0000000072
0000000164
0000000067
0000000294
0000000049
0000000187
0000000465
0000000233
0000000015
0000000188
0000000168
0000000111
0000000105
0000000044
0000000478
0000000573
0000000402
0000000375
0000000051
0000000325
0000000321
0000000149
0000000082
0000000176
0000000059
0000000016
0000000039
0000000196
0000000231
0000000099
0000000340
0000000063
0000000097
0000000306
0000000197
0000000138
0000000029
0000000014
0000000178
0000000089
0000000049
0000000423
0000000055
0000000100
0000000118
0000000204
0000000063
0000000090
0000000071
0000000027
0000000140
0000000070
0000000222
0000000050
0000000084
0000000205
0000000131
0000000054
0000000125
0000000031
0000000187
0000000033
0000000014
0000000197
0000000090
0000000196
0000000202
0000000154
0000000016
0000000149
0000000114
0000000082
0000000156
0000000297
0000000052
0000000145
0000000137
0000000122
0000000423
0000000027
0000000297
0000000147
0000000085
0000000144
0000000154
0000000146
0000000054
0000000110
0000000099
0000000253
0000000039
0000000121
0000000122
0000000028
0000000341
0000000068
0000000021
0000000358
0000000198
0000000256
0000000277
0000000059
0000000027
0000000184
0000000274
0000000220
0000000466
0000000193
0000000127
0000000270
0000000069
0000000215
0000000027
0000000139
0000000048
0000000026
0000000167
0000000147
0000000048
0000000062
0000000075
0000000249
0000000036
0000000019
0000000195
0000000047
0000000213
0000000756
0000000060
0000000054
0000000308
0000000135
0000000099
0000000245
0000000245
0000000093
0000000086
0000000208
0000000254
0000000038
0000000023
0000000337
0000000162
0000000052
0000000030
0000000011
0000000211
0000000091
0000000203
0000000189
0000000077
0000000016
0000000047
0000000423
0000000406
0000000025
0000000190
0000000042
0000000098
0000000095
0000000252
0000000026
0000000383
0000000441
0000000043
0000000085
0000000128
0000000279
0000000300
0000000118
0000000039
0000000167
0000000047
0000000905
0000000029
0000000058
0000000159
0000000025
0000000070
0000000387
0000000119
0000000166
0000000171
0000000113
0000000025
0000000086
0000000022
0000000097
0000000050
0000000248
0000000405
0000000753
0000000104
0000000334
0000000239
0000000215
0000000018
0000000431
0000000131
0000000150
0000000044
0000000016
0000000774
0000000358
0000000125
0000000064
0000000185
0000000057
0000000095
0000000176
0000000176
0000000173
0000000211
0000000356
0000000208
0000000331
0000000138
0000000532
0000000474
0000000170
0000000253
0000000483
0000000367
0000000322
0000000044
0000000020
0000000838
0000000227
0000000266
0000000058
0000000214
0000000050
0000000303
0000000195
0000000152
0000000022
0000000094
0000000071
0000000333
0000000243
0000000144
0000000089
0000000126
0000000309
0000000238
0000000370
0000000078
0000000358
0000000077
0000000184
0000000072
0000000037
0000000268
0000000491
0000000038
0000000102
0000000131
0000000050
0000000021
0000000225
0000000237
0000000125
0000000165
0000000045
0000000038
0000000178
0000000019
0000000187
0000000317
0000000089
0000000051
0000000107
0000000035
