0000000033
0000000169
0000000313
0000000224
0000000046
0000000047
0000000100
0000000337
0000000160
0000000068
0000000015
0000000054
0000000014
0000000368
0000000320
0000000101
0000000171
0000000044
0000000225
0000000440
0000000138
0000000070
0000000247
0000000154
0000000166
0000000063
0000000121
0000000127
0000000137
0000000088
0000000118
0000000023
0000000189
0000000499
0000000179
0000000385
0000000108
0000000030
0000000130
0000000088
0000000171
0000000277
0000000482
0000000036
0000000158
0000000179
0000000097
0000000511
0000000666
0000000102
0000000033
0000000206
0000000807
0000000072
0000000114
0000000144
0000000232
0000000140
