0000000332
0000000116
0000000260
0000000275
0000000095
0000000278
0000000464
0000000057
0000000351
0000000020
0000000177
0000000224
0000000167
0000000378
0000000201
0000000155
0000000156
0000000547
0000000032
0000000162
0000000345
0000000088
0000000038
0000000035
0000000324
0000000247
0000000090
0000000282
0000000181
0000000070
0000000262
0000000141
0000000195
0000000087
0000000032
0000000101
0000000264
0000000047
0000000120
0000000412
0000000008
0000000017
0000000071
0000000146
0000000236
0000000020
0000000159
0000000031
0000000351
0000000057
0000000281
0000000100
0000000042
0000000255
0000000296
0000000113
0000000372
0000000169
0000000194
0000000030
0000000139
0000000256
0000000112
0000000140
0000000094
0000000266
0000000159
0000000075
0000000397
0000000198
0000000101
0000000015
0000000119
0000000130
0000000257
0000000242
0000000059
0000000159
0000000174
0000000361
0000000118
0000000132
0000000245
0000000042
0000000221
