0000000445
0000000286
0000000236
0000000256
0000000021
0000000031
0000000129
0000000097
0000000191
0000000435
0000000348
0000000122
0000000226
0000000027
0000000248
0000000293
0000000270
0000000123
0000000163
0000000096
0000000383
0000000139
0000000166
0000000141
0000000123
0000000168
0000000166
0000000050
0000000912
0000000139
0000000031
0000000065
0000000176
0000000506
0000000020
0000000057
0000000073
0000000163
0000000057
0000000083
0000000136
0000000033
0000000250
0000000145
0000000184
0000000090
0000000051
0000000113
0000000482
0000000177
0000000621
0000000036
0000000115
0000000070
0000000145
0000000124
0000000042
0000000036
0000000079
0000000105
0000000130
0000000132
0000000256
0000000113
0000000164
0000000153
0000000150
0000000449
