0000000150
0000000234
0000000081
0000000392
0000000383
0000000062
0000000099
0000000057
0000000059
0000000139
0000000517
0000000594
0000000036
0000000092
0000000137
0000000111
0000000022
0000000259
0000000598
0000000044
0000000242
0000000135
0000000147
0000000301
0000000458
0000000084
0000000017
0000000089
0000000053
0000000043
0000000058
0000000019
0000000426
0000000019
0000000076
0000000102
0000000147
0000000397
0000000101
0000000048
0000000256
0000000052
0000000284
0000000137
0000000121
0000000038
0000000196
0000000379
0000000288
0000000130
0000000065
0000000023
0000000082
0000000438
0000000074
0000000275
0000000119
0000000055
0000000153
0000000194
0000000416
0000000145
0000000060
0000000152
0000000015
0000000448
0000000258
0000000039
0000000554
0000000030
0000000122
0000000033
0000000280
0000000056
0000000053
0000000445
0000000369
0000000578
0000000873
0000000016
0000000062
0000000040
0000000062
0000000141
0000000138
0000000050
0000000145
0000000066
0000000432
0000000183
0000000084
0000000069
0000000113
0000000110
0000000029
0000000069
0000000017
0000000080
0000000224
0000000069
0000000143
0000000197
0000000362
0000000133
0000000330
0000000142
0000000033
0000000401
0000000429
0000000169
