0000000224
0000000062
0000000030
0000000130
0000000419
0000000100
0000000076
0000000291
0000000030
0000000398
0000000126
0000000198
0000000185
0000000170
0000000306
0000000021
0000000095
0000000019
0000000468
0000000040
0000000098
0000000187
0000000013
0000000081
0000000122
0000000106
0000000964
0000000221
0000000937
0000000413
0000000337
0000000074
0000000093
0000000251
0000000029
0000000015
0000000223
0000000110
0000000299
0000000273
0000000137
0000000030
0000000056
0000000047
0000000227
0000000051
0000000049
0000000295
0000000063
0000000126
0000000427
0000000164
0000000977
0000000132
0000000043
0000000067
