0000000286
0000000265
0000000034
0000000207
0000000368
0000000187
0000000080
0000000085
0000000082
0000000069
0000000059
0000000262
0000000057
0000000113
0000000152
0000000075
0000000033
0000000084
0000000015
0000000176
0000000102
0000000091
0000000026
0000000104
0000000036
0000000398
0000000067
0000000093
0000000320
0000000227
0000000027
0000000042
0000000051
0000000070
0000000051
0000000301
0000000429
0000000340
0000000152
0000000042
0000000302
0000000168
0000000102
0000000137
0000000339
0000000156
0000000371
0000000024
0000000449
0000000015
0000000033
0000000067
0000000068
0000000328
0000000191
0000000108
0000000097
0000000015
0000000112
0000000184
0000000038
0000000326
0000000169
0000000049
0000000021
0000000271
0000000017
0000000480
0000000176
0000000464
0000000198
0000000081
0000000014
0000000045
0000000200
0000000105
0000000038
0000000067
0000000021
0000000172
0000000057
0000000203
0000000174
0000000164
0000000109
0000000020
0000000128
0000000131
0000000085
0000000018
0000000215
0000000244
0000000141
0000000020
0000000268
0000000242
0000000019
0000000103
0000000040
0000000040
0000000202
0000000043
0000000134
0000000335
0000000101
0000000041
0000000114
0000000028
0000000080
0000000223
0000000068
0000000411
0000000137
0000000018
0000000209
0000000210
0000000121
0000000057
0000000362
0000000015
0000000616
0000000153
0000000024
0000000283
0000000121
0000000103
0000000161
0000000023
0000000034
0000000731
0000000224
0000000140
0000000338
0000000015
0000000301
0000000051
0000000169
0000000506
0000000308
0000000050
0000000127
0000000105
0000000251
0000000061
0000000162
0000000045
0000000148
0000000186
0000000051
0000000050
0000000482
0000000028
0000000132
0000000160
0000000027
0000000050
0000000390
0000000018
0000000047
0000000131
0000000024
0000000061
0000000088
0000000026
0000000335
0000000595
0000000161
0000000087
0000000162
0000000231
0000000096
0000000022
0000000044
0000000085
0000000063
0000000255
0000000019
0000000073
0000000058
0000000020
0000000144
0000000680
0000000158
0000000188
0000000101
0000000053
0000000070
0000000065
0000000136
0000000216
0000000272
0000000200
0000000023
0000000138
0000000295
0000000115
0000000216
0000000099
0000000141
0000000106
0000000201
0000000216
0000000026
0000000393
0000000106
0000000035
0000000019
0000000032
0000000028
0000000109
0000000477
0000000119
0000000108
0000000342
0000000465
0000000425
0000000276
0000000129
0000000124
0000000021
0000000189
0000000091
0000000339
0000000046
0000000045
0000000102
0000000023
0000000104
0000000283
0000000091
0000000095
0000000295
0000000353
0000000017
0000000033
