0000000430
0000000129
0000000236
0000000038
0000000306
0000000029
0000000120
0000000155
0000000137
0000000051
0000000681
0000000095
0000000074
0000000027
0000000088
0000000315
0000000214
0000000059
0000000154
0000000636
0000000142
0000000161
0000000066
0000000351
0000000303
0000000298
0000000217
0000000024
0000000055
0000000024
0000000158
0000000290
0000000078
0000000131
0000000031
0000000091
0000000335
0000000133
0000000032
0000000224
0000000237
0000000171
0000000112
0000000555
0000000118
0000000151
0000000186
0000000298
0000000604
0000000072
0000000120
0000000305
0000000261
0000000191
0000000105
0000000078
0000000141
0000000247
0000000063
0000000192
0000000049
0000000231
0000000080
0000000205
0000000112
0000000126
0000000209
0000000028
0000000028
0000000086
0000000222
0000000071
0000000065
0000000086
0000000033
0000000696
0000000136
0000000524
0000000144
0000000128
0000000094
0000000181
0000000086
0000000384
0000000549
0000000261
0000000362
0000000091
0000000136
0000000170
0000000089
0000000177
0000000074
0000000454
0000000209
0000000282
0000000466
0000000111
0000000054
0000000114
0000000182
0000000081
0000000028
0000000155
0000000190
0000000058
0000000063
0000000036
0000000334
0000000161
0000000334
0000000270
0000000051
0000000098
0000000194
0000000207
0000000168
0000000074
0000000023
0000000287
0000000216
0000000726
0000000047
0000000040
0000000076
0000000327
0000000017
0000000015
0000000238
0000000026
0000000067
0000000396
0000000044
0000000239
0000000123
0000000034
0000000056
0000000192
0000000035
0000000058
0000000248
0000000745
0000000022
0000000159
0000000442
0000000149
0000000195
0000000021
0000000043
0000000296
0000000169
0000000026
0000000514
0000000317
0000000267
0000000627
0000000462
0000000041
0000000015
0000000317
0000000015
0000000439
0000000197
0000000044
0000000386
0000000091
0000000088
0000000141
0000000068
0000000365
0000000097
0000000098
0000000228
0000000070
0000000048
0000000339
0000000106
0000000052
0000000187
0000000180
0000000191
0000000112
0000000098
0000000030
0000000344
0000000192
0000000497
0000000098
0000000068
0000000048
0000000430
0000000071
0000000150
0000000057
0000000483
0000000040
0000000020
0000000038
0000000133
0000000018
0000000090
0000000468
0000000163
0000000274
0000000085
0000000069
0000000019
0000000151
0000000140
0000000178
0000000074
0000000056
0000000945
0000000121
0000000062
0000000043
0000000018
0000000045
0000000102
0000000572
0000000304
