0000000259
0000000107
0000000102
0000000020
0000000054
0000000523
0000000025
0000000175
0000000620
0000000326
0000000064
0000000045
0000000117
0000000098
0000000210
0000000170
0000000082
0000000219
0000000322
0000000141
0000000012
0000000061
0000000238
0000000029
0000000014
0000000080
0000000177
0000000435
0000000084
0000000072
0000000128
0000000091
0000000016
0000000148
0000000096
0000000114
0000000418
0000000144
0000000208
0000000318
0000000012
0000000077
0000000048
0000000101
0000000091
0000000362
0000000017
0000000184
0000000558
0000000235
0000000206
0000000182
0000000142
0000000046
0000000338
0000000168
0000000037
0000000012
0000000172
0000000132
0000000148
0000000163
0000000025
0000000223
0000000088
0000000297
0000000111
0000000037
0000000019
0000000281
0000000183
0000000098
0000000042
0000000426
0000000093
0000000118
0000000038
0000000241
0000000026
0000000121
0000000152
0000000105
0000000143
0000000298
0000000086
0000000138
0000000098
0000000028
0000000338
0000000141
0000000175
0000000112
0000000065
0000000076
0000000192
0000000095
0000000016
0000000094
0000000098
0000000070
0000000245
0000000037
0000000244
0000000082
0000000679
0000000092
0000000102
0000000198
0000000128
0000000134
0000000081
0000000097
0000000085
0000000208
0000000020
0000000140
0000000267
0000000525
0000000127
0000000020
0000000037
0000000067
0000000151
0000000045
0000000024
0000000079
0000000014
0000000257
0000000119
0000000531
0000000036
0000000134
0000000588
0000000097
0000000243
0000000091
0000000142
0000000018
0000000021
0000000468
0000000256
0000000289
0000000219
0000000586
0000000076
0000000026
0000000032
0000000389
0000000058
0000000078
0000000225
0000000201
0000000157
0000000158
0000000114
0000000057
0000000188
0000000059
0000000030
0000000146
0000000219
0000000187
0000000098
0000000200
0000000099
0000000120
0000000557
0000000121
0000000102
0000000012
0000000031
0000000021
0000000061
0000000060
0000000264
0000000017
0000000159
0000000110
0000000253
0000000316
0000000090
0000000206
0000000482
0000000076
0000000064
0000000866
0000000048
0000000038
0000000021
0000000138
0000000114
0000000186
0000000165
0000000146
0000000285
0000000107
0000000252
0000000018
0000000016
0000000271
0000000016
0000000343
0000000444
0000000330
0000000053
0000000100
0000000055
0000000176
0000000100
0000000197
0000000157
0000000028
0000000045
0000000174
0000000406
0000000070
0000000032
0000000046
0000000135
0000000023
0000000296
0000000109
0000000276
0000000046
0000000241
0000000083
0000000046
0000000117
0000000071
0000000106
0000000392
0000000062
0000000043
0000000544
0000000039
0000000017
0000000090
0000000148
0000000022
0000000106
0000000080
0000000201
0000000135
0000000198
0000000077
0000000065
0000000013
0000000071
0000000058
0000000081
0000000061
0000000083
0000000582
0000000072
0000000355
0000000030
0000000032
0000000157
0000000015
0000000154
0000000155
0000000144
0000000402
0000000148
0000000357
0000000104
0000000216
0000000535
0000000060
0000000064
0000000272
0000000141
0000000114
0000000295
0000000283
0000000063
0000000124
0000000185
0000000275
0000000057
0000000155
0000000140
0000000165
0000000137
0000000043
0000000086
0000000030
0000000513
0000000035
0000000091
0000000095
0000000013
0000000023
0000000219
0000000172
