0000000364
0000000119
0000000128
0000000037
0000000124
0000000044
0000000133
0000000102
0000000124
0000000158
0000000095
0000000056
0000000092
0000000266
0000000115
0000000103
0000000055
0000000118
0000000157
0000000031
0000000175
0000000055
0000000141
0000000040
0000000072
0000000220
0000000054
0000000018
0000000072
0000000471
0000000376
0000000663
0000000070
0000000173
0000000026
0000000060
0000000210
0000000031
0000000176
0000000019
0000000045
0000000184
0000000513
0000000295
0000000372
0000000017
0000000081
0000000061
0000000637
0000000235
0000000041
0000000225
0000000060
0000000587
0000000110
0000000096
0000000187
0000000207
0000000025
0000000306
0000000168
0000000677
0000000133
0000000141
0000000109
0000000143
0000000041
0000000015
0000000302
0000000026
0000000090
0000000039
0000000295
0000000063
0000000067
0000000036
0000000550
0000000390
