0000000157
0000000042
0000000198
0000000160
0000000053
0000000064
0000000128
0000000101
0000000130
0000000986
0000000020
0000000159
0000000051
0000000322
0000000157
0000000229
0000000089
0000000029
0000000060
0000000119
0000000234
0000000367
0000000019
0000000263
0000000213
0000000147
0000000297
0000000206
0000000133
0000000079
0000000034
0000000142
0000000059
0000000047
0000000019
0000000168
0000000143
0000000107
0000000414
0000000153
0000000191
0000000018
0000000717
0000000172
0000000279
0000000173
0000000296
0000000176
0000000182
0000000278
0000000192
0000000805
0000000074
0000000176
0000000495
0000000108
0000000052
0000000270
0000000524
0000000223
0000000091
0000000117
0000000040
0000000086
0000000486
0000000024
0000000606
0000000200
0000000098
0000000577
0000000629
0000000554
0000000608
0000000148
0000000340
0000000053
0000000054
0000000297
0000000242
0000000094
0000000219
0000000095
0000000354
0000000229
0000000241
0000000035
0000000282
0000000033
0000000135
0000000250
0000000339
0000000267
0000000170
0000000338
0000000135
0000000119
0000000049
0000000026
0000000464
0000000073
0000000502
0000000032
0000000173
0000000041
0000000038
0000000211
0000000032
0000000274
0000000134
0000000689
0000000351
0000000240
0000000796
0000000296
0000000385
0000000204
0000000136
0000000135
0000000026
0000000033
0000000023
0000000076
0000000028
0000000313
0000000170
0000000200
0000000323
0000000940
0000000132
0000000241
0000000053
0000000226
0000000166
0000000437
0000000024
0000000030
0000000377
0000000019
0000000240
0000000132
0000000147
0000000155
0000000045
0000000035
0000000232
0000000253
0000000214
0000000473
0000000335
0000000084
0000000038
0000000089
0000000133
0000000070
0000000269
0000000235
0000000676
0000000171
0000000035
0000000064
0000000173
0000000022
0000000033
0000000171
0000000072
0000000115
0000000751
0000000213
0000000018
0000000274
0000000164
0000000094
0000000067
0000000025
0000000040
0000000021
0000000045
0000000040
0000000092
0000000330
0000000145
0000000233
0000000183
0000000320
0000000185
0000000062
0000000380
0000000151
0000000221
0000000100
0000000134
0000000037
0000000120
0000000189
0000000296
0000000062
0000000128
0000000094
0000000488
0000000332
0000000392
0000000077
0000000039
0000000160
0000000047
0000000060
0000000158
0000000026
0000000097
0000000141
0000000124
0000000263
0000000131
0000000497
0000000038
0000000174
0000000053
0000000152
