0000000180
0000000097
0000000153
0000000058
0000000433
0000000040
0000000199
0000000328
0000000030
0000000021
0000000303
0000000076
0000000213
0000000212
0000000126
0000000061
0000000306
0000000251
0000000020
0000000222
0000000086
0000000023
0000000022
0000000244
0000000312
0000000386
0000000052
0000000221
0000000248
0000000040
0000000041
0000000375
0000000302
0000000262
0000000351
0000000423
0000000168
0000000109
0000000088
0000000016
0000000100
0000000099
0000000414
0000000105
0000000174
0000000029
0000000203
0000000044
0000000144
0000000170
0000000039
0000000316
0000000017
0000000354
0000000019
0000000141
0000000044
0000000141
0000000105
0000000145
0000000349
0000000027
0000000128
0000000276
0000000151
0000000081
0000000076
0000000058
0000000173
0000000236
0000000020
0000000135
0000000119
0000000395
0000000173
0000000046
0000000223
0000000113
0000000269
0000000248
0000000051
0000000147
0000000217
0000000110
0000000040
0000000049
0000000103
0000000168
0000000028
0000000013
0000000202
0000000220
0000000027
0000000057
0000000111
0000000226
0000000111
0000000025
0000000070
0000000076
0000000016
0000000360
0000000066
0000000104
0000000054
0000000257
0000000048
0000000173
0000000178
0000000075
0000000871
0000000034
0000000119
0000000244
0000000037
0000000041
0000000024
0000000150
0000000255
0000000572
0000000073
