0000000196
0000000207
0000000015
0000000040
0000000033
0000000014
0000000119
0000000152
0000000053
0000000043
0000000483
0000000204
0000000085
0000000292
0000000293
0000000122
0000000025
0000000029
0000000057
0000000108
0000000375
0000000146
0000000045
0000000087
0000000097
0000000169
0000000032
0000000045
0000000064
0000000072
0000000027
0000000053
0000000432
0000000077
0000000052
0000000078
0000000058
0000000044
0000000582
0000000075
0000000130
0000000136
0000000025
0000000402
0000000160
0000000060
0000000036
0000000240
0000000447
0000000340
0000000166
0000000222
0000000151
0000000093
0000000613
0000000571
0000000024
0000000219
0000000679
0000000050
0000000076
0000000351
0000000121
0000000044
0000000119
0000000112
0000000138
0000000213
0000000167
0000000539
0000000014
0000000039
0000000123
0000000031
0000000149
0000000035
0000000175
0000000109
0000000020
0000000118
0000000297
0000000038
0000000054
0000000299
0000000084
0000000120
0000000094
0000000068
0000000244
0000000043
0000000066
0000000334
0000000081
0000000214
0000000042
0000000016
0000000072
0000000124
0000000146
0000000030
0000000223
0000000227
0000000378
0000000146
0000000080
0000000017
0000000255
0000000169
0000000329
0000000027
0000000405
0000000036
0000000046
0000000171
0000000026
0000000132
0000000035
0000000092
0000000185
0000000214
0000000148
0000000149
0000000059
0000000592
0000000076
0000000029
0000000186
0000000103
0000000143
0000000102
0000000181
0000000193
0000000212
0000000028
0000000294
0000000147
0000000016
0000000192
0000000250
0000000065
0000000302
0000000201
0000000210
0000000234
0000000237
0000000054
0000000195
0000000513
0000000914
0000000040
0000000393
0000000078
0000000102
0000000174
0000000276
0000000231
0000000459
0000000083
0000000050
0000000292
0000000448
0000000028
0000000207
0000000032
0000000518
0000000103
0000000171
0000000201
0000000468
0000000086
0000000360
0000000170
0000000065
0000000105
0000000175
0000000283
0000000017
0000000488
0000000056
0000000169
0000000746
0000000062
0000000441
0000000514
0000000112
0000000359
0000000081
0000000273
0000000052
0000000024
0000000121
0000000093
0000000092
0000000230
0000000027
0000000078
0000000144
0000000118
0000000061
0000000241
0000000075
0000000045
0000000144
0000000108
0000000989
0000000064
0000000641
0000000252
0000000146
0000000077
0000000176
0000000359
0000000029
0000000104
0000000295
0000000050
0000000039
0000000039
0000000115
0000000118
0000000226
0000000239
0000000101
0000000080
0000000032
0000000024
0000000158
0000000555
0000000052
0000000274
0000000447
0000000020
0000000211
0000000072
0000000733
