0000000132
0000000014
0000000020
0000000114
0000000100
0000000014
0000000070
0000000096
0000000383
0000000149
0000000571
0000000170
0000000052
0000000022
0000000044
0000000117
0000000117
0000000027
0000000132
0000000043
0000000217
0000000039
0000000109
0000000046
0000000230
0000000048
0000000071
0000000500
0000000154
0000000169
0000000083
0000000020
0000000219
0000000110
0000000220
0000000023
0000000120
0000000221
0000000016
0000000046
0000000145
0000000349
0000000152
0000000174
0000000392
0000000079
0000000140
0000000068
0000000070
0000000021
0000000171
0000000209
0000000237
0000000026
0000000139
0000000123
0000000176
0000000087
0000000043
0000000125
0000000117
0000000194
0000000170
0000000034
0000000242
0000000040
0000000197
0000000111
0000000064
0000000014
0000000136
0000000052
0000000032
0000000808
0000000116
0000000075
0000000270
0000000155
0000000044
0000000183
0000000057
