0000000396
0000000130
0000000052
0000000288
0000000146
0000000020
0000000439
0000000129
0000000281
0000000386
0000000168
0000000124
0000000108
0000000028
0000000065
0000000050
0000000185
0000000173
0000000399
0000000424
0000000022
0000000024
0000000178
0000000381
0000000214
0000000322
0000000337
0000000027
0000000247
0000000211
0000000044
0000000110
0000000139
0000000031
0000000155
0000000082
0000000176
0000000248
0000000092
0000000374
0000000051
0000000225
0000000298
0000000141
0000000411
0000000314
0000000032
0000000014
0000000019
0000000015
0000000038
0000000154
0000000036
0000000096
0000000121
0000000057
0000000021
0000000142
0000000117
0000000049
0000000098
0000000122
0000000137
0000000291
0000000162
0000000049
0000000025
0000000013
0000000199
0000000288
