0000000231
0000000062
0000000077
0000000238
0000000189
0000000063
0000000036
0000000089
0000000241
0000000116
0000000036
0000000192
0000000103
0000000166
0000000100
0000000232
0000000115
0000000084
0000000135
0000000084
0000000109
0000000069
0000000092
0000000021
0000000035
0000000214
0000000012
0000000025
0000000097
0000000025
0000000146
0000000043
0000000153
0000000093
0000000047
0000000174
0000000191
0000000147
0000000275
0000000045
0000000194
0000000159
0000000020
0000000017
0000000065
0000000241
0000000134
