0000000333
0000000434
0000000381
0000000183
0000000055
0000000108
0000000233
0000000045
0000000447
0000000121
0000000150
0000000238
0000000099
0000000125
0000000831
0000000047
0000000094
0000000062
0000000221
0000000612
0000000094
0000000144
0000000160
0000000526
0000000253
0000000028
0000000015
0000000068
0000000487
0000000473
0000000391
0000000026
0000000119
0000000095
0000000180
0000000333
0000000252
0000000268
0000000028
0000000022
0000000032
0000000142
0000000355
0000000127
0000000328
0000000092
0000000209
0000000869
0000000430
0000000093
0000000039
0000000515
0000000210
0000000156
0000000147
0000000098
0000000089
0000000035
0000000375
0000000087
0000000131
0000000063
0000000227
0000000042
0000000201
0000000533
0000000029
0000000153
0000000239
0000000410
0000000674
0000000188
0000000546
0000000081
0000000072
0000000036
0000000044
0000000234
0000000049
0000000128
0000000030
0000000053
0000000106
0000000157
0000000195
0000000073
0000000057
0000000136
0000000067
0000000071
0000000150
0000000078
0000000118
0000000106
0000000156
0000000074
0000000160
0000000172
0000000096
0000000137
0000000218
0000000200
0000000063
0000000303
0000000055
0000000026
0000000093
0000000115
0000000282
0000000169
0000000078
0000000112
0000000178
0000000364
0000000025
0000000076
0000000060
0000000135
0000000106
0000000077
0000000014
0000000654
0000000515
0000000017
0000000270
0000000183
0000000091
0000000082
0000000159
0000000419
0000000161
0000000396
0000000069
0000000260
0000000419
0000000503
0000000028
0000000013
0000000096
0000000143
0000000170
0000000057
0000000023
0000000211
0000000055
0000000186
0000000332
0000000027
0000000162
0000000145
0000000041
0000000272
0000000323
0000000065
0000000012
0000000017
0000000362
0000000072
0000000098
0000000301
0000000248
0000000056
0000000033
0000000160
0000000241
0000000050
0000000125
0000000490
0000000160
0000000024
0000000323
0000000211
0000000084
0000000153
