0000000124
0000000026
0000000373
0000000189
0000000070
0000000054
0000000508
0000000063
0000000186
0000000026
0000000284
0000000056
0000000091
0000000601
0000000140
0000000111
0000000067
0000000116
0000000130
0000000028
0000000041
0000000044
0000000017
0000000017
0000000096
0000000098
0000000021
0000000353
0000000249
0000000060
0000000050
0000000029
0000000106
0000000071
0000000087
0000000129
0000000527
0000000047
0000000139
0000000023
0000000283
0000000119
0000000082
0000000045
0000000071
0000000203
0000000513
0000000199
0000000066
0000000454
0000000018
0000000021
0000000126
0000000420
0000000030
0000000030
0000000225
0000000046
0000000079
0000000026
0000000054
0000000110
0000000166
0000000208
0000000020
0000000234
0000000268
0000000199
0000000137
0000000321
0000000017
0000000035
0000000155
0000000254
0000000184
0000000124
0000000090
0000000672
0000000140
0000000060
0000000291
0000000028
0000000032
0000000052
0000000193
0000000121
0000000158
0000000148
0000000201
0000000891
0000000105
0000000061
0000000148
0000000038
0000000252
0000000066
0000000155
0000000078
0000000097
0000000122
0000000024
0000000231
0000000158
0000000046
0000000110
0000000059
0000000591
0000000235
0000000036
0000000479
0000000165
0000000349
0000000227
0000000372
0000000186
0000000113
0000000105
0000000057
0000000383
0000000016
0000000030
0000000218
0000000144
0000000014
0000000045
0000000307
0000000028
0000000082
0000000225
0000000413
0000000353
0000000111
0000000026
0000000170
0000000135
0000000243
0000000125
0000000047
0000000317
0000000331
0000000082
0000000145
0000000108
0000000094
0000000093
0000000040
0000000708
0000000052
0000000127
0000000285
0000000044
0000000151
0000000101
0000000017
0000000080
0000000274
0000000842
0000000190
0000000167
0000000100
0000000280
0000000356
0000000141
0000000164
0000000176
0000000210
0000000356
0000000179
0000000050
0000000147
0000000018
0000000455
0000000140
0000000126
0000000390
0000000051
0000000321
0000000017
0000000217
0000000369
0000000203
0000000680
0000000076
0000000235
0000000106
0000000130
0000000091
0000000090
0000000131
0000000145
0000000017
0000000401
0000000346
0000000060
0000000040
0000000044
0000000094
0000000040
0000000254
0000000168
0000000093
0000000019
0000000034
0000000216
0000000184
0000000142
0000000172
0000000086
0000000109
0000000220
0000000034
0000000048
0000000215
0000000305
0000000092
0000000169
0000000146
0000000098
0000000076
0000000158
0000000020
0000000014
0000000236
0000000066
0000000497
0000000356
0000000199
0000000045
0000000053
0000000205
0000000097
0000000499
0000000079
0000000059
0000000160
0000000162
0000000039
0000000278
0000000103
0000000138
0000000079
0000000193
0000000053
0000000064
0000000101
0000000275
0000000234
0000000051
0000000068
0000000067
0000000049
0000000966
0000000046
0000000164
0000000022
0000000050
0000000176
0000000197
0000000509
0000000079
0000000257
0000000141
0000000039
0000000103
0000000070
0000000430
0000000526
0000000115
0000000406
0000000201
0000000350
0000000234
0000000041
0000000108
0000000081
0000000102
0000000505
0000000046
0000000020
0000000162
0000000031
