0000000060
0000000131
0000000211
0000000252
0000000179
0000000324
0000000194
0000000113
0000000156
0000000059
0000000039
0000000013
0000000334
0000000076
0000000174
0000000060
0000000180
0000000201
0000000099
0000000047
0000000297
0000000170
0000000135
0000000113
0000000336
0000000016
0000000116
0000000100
0000000110
0000000253
0000000024
0000000046
0000000053
0000000368
0000000345
0000000396
0000000074
0000000085
0000000107
0000000050
0000000548
0000000228
0000000022
0000000809
0000000019
0000000174
0000000302
0000000129
0000000125
0000000196
0000000078
0000000074
0000000131
0000000051
0000000303
