0000000041
0000000089
0000000239
0000000267
0000000034
0000000229
0000000030
0000000045
0000000140
0000000185
0000000341
0000000432
0000000043
0000000048
0000000063
0000000143
0000000068
0000000137
0000000053
0000000077
0000000034
0000000191
0000000154
0000000016
0000000040
0000000195
0000000755
0000000400
0000000271
0000000028
0000000019
0000000165
0000000047
0000000065
0000000015
0000000041
0000000081
0000000144
0000000120
0000000264
0000000292
0000000135
0000000240
0000000206
0000000261
0000000197
0000000034
0000000060
0000000147
0000000017
0000000165
0000000313
0000000028
0000000113
0000000172
0000000369
0000000095
0000000025
0000000060
0000000119
0000000096
0000000229
0000000052
0000000240
0000000155
0000000059
0000000022
0000000235
0000000136
0000000021
0000000286
0000000128
0000000296
0000000294
0000000353
0000000019
0000000073
0000000058
0000000168
0000000056
0000000069
0000000106
0000000406
0000000067
0000000023
0000000258
0000000052
0000000362
0000000196
0000000133
0000000114
0000000197
0000000102
0000000320
0000000172
0000000023
0000000044
0000000241
0000000044
0000000402
0000000104
0000000081
0000000040
0000000063
0000000174
0000000375
0000000114
0000000468
0000000229
0000000226
0000000062
0000000161
0000000529
0000000057
0000000304
0000000079
0000000018
0000000019
0000000067
0000000220
0000000161
0000000132
0000000154
0000000236
0000000082
0000000090
0000000509
0000000227
0000000029
0000000154
0000000141
0000000027
0000000352
0000000454
0000000182
0000000113
0000000021
0000000193
0000000042
0000000129
0000000186
0000000201
0000000241
0000000302
0000000063
0000000033
0000000081
0000000020
0000000043
0000000207
0000000065
0000000269
0000000072
0000000020
0000000192
0000000116
0000000065
0000000119
0000000216
0000000343
0000000203
0000000045
0000000265
0000000047
0000000021
0000000024
0000000086
0000000450
0000000486
0000000062
0000000256
0000000084
0000000324
0000000123
0000000017
0000000353
0000000057
0000000097
0000000233
0000000764
0000000016
0000000137
0000000148
0000000228
0000000109
0000000143
0000000533
0000000032
0000000219
0000000021
0000000481
0000000352
0000000130
0000000074
0000000050
0000000290
0000000032
0000000222
0000000526
0000000102
0000000025
0000000124
0000000015
0000000300
0000000490
0000000023
