0000000257
0000000086
0000000922
0000000053
0000000087
0000000088
0000000034
0000000088
0000000114
0000000061
0000000714
0000000043
0000000082
0000000017
0000000649
0000000568
0000000291
0000000168
0000000317
0000000054
0000000383
0000000015
0000000044
0000000336
0000000054
0000000591
0000000054
0000000125
0000000279
0000000177
0000000073
0000000193
0000000303
0000000071
0000000305
0000000450
0000000094
0000000265
0000000036
0000000091
0000000057
0000000114
0000000295
0000000243
0000000233
0000000025
0000000310
0000000021
0000000158
0000000182
0000000018
0000000578
0000000151
0000000220
0000000026
0000000014
0000000503
0000000161
0000000323
0000000017
0000000248
0000000059
0000000055
0000000425
0000000164
0000000185
0000000382
0000000081
0000000039
0000000148
0000000047
0000000399
0000000265
0000000286
0000000016
0000000180
0000000289
0000000664
0000000307
0000000073
0000000354
0000000104
0000000167
0000000402
0000000090
0000000166
0000000556
0000000036
0000000169
0000000516
0000000029
0000000639
0000000133
0000000047
0000000163
0000000179
0000000233
0000000104
0000000171
0000000321
0000000127
0000000704
0000000324
0000000107
0000000049
0000000107
0000000275
0000000256
0000000075
0000000231
0000000188
0000000014
0000000085
0000000064
0000000290
0000000509
0000000125
0000000035
0000000298
0000000014
0000000279
0000000045
0000000322
0000000208
0000000384
0000000147
0000000129
0000000072
0000000089
0000000259
0000000174
0000000023
0000000501
0000000031
0000000169
0000000267
0000000125
0000000074
0000000024
0000000086
0000000098
0000000046
0000000164
0000000207
0000000074
0000000275
0000000269
0000000036
0000000033
0000000181
0000000134
0000000041
0000000125
0000000214
0000000068
0000000104
0000000082
0000000183
0000000029
0000000878
0000000149
0000000274
0000000068
0000000096
0000000129
0000000128
0000000095
0000000093
0000000136
0000000030
0000000222
0000000028
0000000018
0000000037
0000000073
0000000043
0000000035
0000000146
