0000000198
0000000234
0000000038
0000000148
0000000082
0000000569
0000000016
0000000396
0000000236
0000000035
0000000176
0000000441
0000000032
0000000097
0000000539
0000000701
0000000065
0000000380
0000000855
0000000050
0000000228
0000000179
0000000052
0000000186
0000000053
0000000063
0000000055
0000000044
0000000036
0000000134
0000000911
0000000043
0000000164
0000000351
0000000135
0000000348
0000000249
0000000098
0000000225
0000000388
0000000276
0000000104
0000000157
0000000115
0000000019
0000000094
0000000191
0000000077
