0000000107
0000000303
0000000129
0000000133
0000000382
0000000081
0000000127
0000000169
0000000215
0000000141
0000000070
0000000034
0000000238
0000000049
0000000049
0000000781
0000000088
0000000445
0000000014
0000000039
0000000191
0000000411
0000000367
0000000028
0000000057
0000000220
0000000053
0000000068
0000000086
0000000081
0000000057
0000000329
0000000267
0000000240
0000000114
0000000139
0000000030
0000000085
0000000075
0000000066
0000000152
0000000033
0000000473
0000000048
0000000078
0000000183
0000000034
0000000133
0000000254
0000000211
0000000252
0000000375
0000000143
0000000132
0000000244
0000000052
0000000442
0000000032
0000000067
0000000250
0000000021
0000000143
0000000274
0000000457
0000000078
0000000186
0000000068
0000000159
0000000501
0000000177
0000000108
0000000015
0000000236
0000000030
0000000154
0000000055
0000000085
0000000079
0000000170
0000000025
0000000025
0000000048
0000000052
0000000115
0000000257
0000000242
0000000080
0000000445
