0000000158
0000000359
0000000116
0000000023
0000000147
0000000270
0000000236
0000000139
0000000052
0000000197
0000000359
0000000026
0000000269
0000000693
0000000033
0000000153
0000000119
0000000106
0000000304
0000000052
0000000552
0000000939
0000000103
0000000770
0000000315
0000000156
0000000463
0000000024
0000000146
0000000289
0000000078
0000000046
0000000023
0000000208
0000000188
0000000055
0000000041
0000000053
0000000074
0000000098
0000000056
0000000267
0000000059
0000000018
0000000208
0000000088
0000000217
0000000335
0000000273
0000000791
0000000214
0000000016
0000000272
0000000082
0000000277
0000000293
0000000033
0000000249
0000000070
0000000205
0000000060
0000000134
0000000152
0000000178
0000000110
0000000034
0000000350
0000000249
0000000529
0000000023
0000000273
0000000371
0000000100
0000000235
0000000211
0000000168
0000000029
0000000167
0000000193
0000000107
0000000117
0000000045
0000000641
0000000194
0000000207
0000000059
0000000027
0000000021
0000000014
0000000091
0000000108
0000000026
0000000131
0000000126
0000000454
0000000148
0000000083
0000000034
0000000050
0000000076
0000000163
0000000091
0000000025
0000000098
0000000480
0000000027
0000000107
0000000064
0000000323
0000000247
0000000137
0000000258
0000000135
0000000332
0000000030
0000000120
0000000147
0000000033
0000000194
0000000069
0000000244
0000000142
0000000062
0000000292
0000000224
0000000410
0000000539
0000000172
0000000039
0000000242
0000000086
0000000108
0000000077
0000000025
0000000105
0000000085
0000000086
0000000271
0000000059
0000000146
0000000327
0000000136
0000000076
0000000434
0000000140
0000000014
0000000084
0000000211
0000000247
0000000195
0000000233
0000000213
0000000089
0000000155
0000000287
0000000266
0000000078
0000000019
0000000058
0000000022
0000000136
0000000457
0000000034
0000000063
0000000168
0000000164
0000000082
0000000170
0000000033
0000000253
0000000159
0000000541
0000000368
0000000351
0000000096
0000000031
0000000021
0000000252
0000000139
0000000024
0000000146
