0000000976
0000000017
0000000016
0000000214
0000000027
0000000113
0000000058
0000000077
0000000196
0000000467
0000000188
0000000018
0000000034
0000000130
0000000248
0000000069
0000000253
0000000229
0000000158
0000000191
0000000024
0000000101
0000000227
0000000199
0000000125
0000000088
0000000120
0000000102
0000000266
0000000147
0000000174
0000000030
0000000178
0000000044
0000000053
0000000251
0000000089
0000000050
0000000141
0000000141
0000000201
0000000129
0000000040
0000000359
0000000018
0000000079
0000000212
0000000106
0000000034
0000000036
0000000660
0000000089
0000000126
0000000180
0000000163
0000000134
0000000126
0000000198
0000000076
0000000040
0000000109
0000000236
0000000672
0000000152
0000000078
0000000067
0000000792
0000000208
0000000426
0000000381
0000000113
0000000703
0000000058
0000000344
0000000173
0000000039
0000000330
0000000402
0000000280
0000000027
0000000072
0000000390
0000000374
0000000178
0000000366
0000000353
0000000077
0000000032
0000000219
0000000481
0000000057
0000000184
0000000186
0000000280
0000000138
0000000027
0000000061
0000000091
0000000281
0000000105
0000000085
0000000121
0000000161
0000000014
0000000015
0000000154
0000000049
0000000047
0000000345
0000000386
0000000043
0000000076
0000000083
0000000083
0000000416
0000000119
0000000103
0000000018
0000000979
0000000178
0000000644
0000000051
0000000510
0000000199
0000000731
0000000209
0000000109
0000000081
0000000121
0000000055
0000000120
0000000049
0000000051
0000000015
0000000174
0000000075
0000000153
0000000271
0000000427
0000000069
0000000274
0000000338
0000000082
0000000025
0000000205
0000000151
0000000053
0000000084
0000000155
0000000400
0000000018
0000000166
0000000088
0000000020
0000000080
0000000090
0000000342
0000000047
0000000083
0000000207
0000000055
0000000037
0000000048
0000000040
0000000023
0000000018
0000000107
0000000389
0000000043
0000000555
0000000346
0000000059
0000000014
0000000103
0000000080
0000000193
0000000262
0000000126
0000000112
0000000538
0000000221
0000000055
0000000144
0000000115
0000000029
0000000314
0000000029
0000000281
0000000035
0000000305
0000000108
0000000277
0000000043
0000000113
0000000108
0000000221
0000000129
0000000382
0000000024
0000000245
0000000319
0000000183
0000000086
0000000060
0000000103
0000000228
0000000338
0000000120
0000000564
0000000015
0000000024
0000000118
0000000198
0000000018
0000000133
0000000075
0000000097
0000000152
0000000092
0000000106
0000000039
0000000235
0000000243
0000000599
0000000095
0000000037
0000000093
0000000069
0000000033
0000000067
0000000031
0000000033
0000000041
0000000155
0000000164
0000000050
0000000057
0000000119
0000000183
0000000032
0000000446
0000000203
0000000086
0000000669
0000000076
0000000195
0000000065
0000000317
0000000195
0000000068
0000000072
0000000449
0000000232
0000000163
0000000124
0000000300
0000000031
0000000214
0000000086
0000000228
0000000025
0000000206
0000000067
0000000064
0000000095
0000000155
0000000225
0000000079
0000000073
0000000080
0000000268
0000000223
0000000209
0000000340
0000000356
0000000021
0000000116
0000000200
0000000214
0000000013
0000000027
0000000035
0000000401
0000000033
0000000076
0000000074
0000000168
0000000013
0000000031
0000000107
0000000071
0000000863
0000000205
0000000053
0000000069
0000000221
0000000020
0000000566
0000000018
0000000193
0000000218
0000000101
