0000000122
0000000304
0000000157
0000000369
0000000174
0000000035
0000000051
0000000036
0000000133
0000000069
0000000077
0000000194
0000000150
0000000217
0000000110
0000000140
0000000189
0000000231
0000000120
0000000023
0000000165
0000000177
0000000022
0000000080
0000000252
0000000134
0000000141
0000000032
0000000115
0000000289
0000000260
0000000193
0000000255
0000000094
0000000068
0000000652
0000000022
0000000140
0000000037
0000000188
0000000105
0000000201
0000000211
0000000174
0000000025
0000000188
0000000280
0000000014
0000000096
0000000053
0000000728
0000000060
0000000181
0000000067
0000000095
0000000090
0000000164
0000000153
0000000096
0000000051
0000000067
0000000091
0000000200
0000000301
0000000230
0000000574
0000000077
0000000029
0000000406
0000000168
0000000245
0000000229
0000000122
0000000278
0000000383
0000000359
0000000522
0000000123
0000000238
0000000419
0000000179
0000000294
0000000298
0000000228
0000000282
0000000576
0000000419
0000000193
0000000299
0000000200
0000000182
0000000201
0000000070
