0000000047
0000000122
0000000662
0000000284
0000000211
0000000554
0000000083
0000000151
0000000930
0000000070
0000000283
0000000119
0000000047
0000000249
0000000117
0000000042
0000000485
0000000215
0000000047
0000000053
0000000022
0000000115
0000000184
0000000061
0000000174
0000000107
0000000286
0000000327
0000000391
0000000095
0000000064
0000000100
0000000110
0000000035
0000000186
0000000259
0000000368
0000000292
0000000054
0000000020
0000000083
0000000088
0000000069
0000000057
0000000324
0000000355
0000000111
0000000230
0000000051
0000000027
0000000191
0000000033
0000000151
0000000203
0000000254
0000000182
0000000144
0000000051
0000000102
0000000295
0000000367
0000000225
0000000121
0000000026
0000000129
0000000105
0000000132
0000000480
0000000281
0000000062
0000000072
0000000112
0000000189
0000000040
0000000022
0000000132
0000000080
0000000067
0000000311
0000000083
0000000097
0000000200
0000000042
0000000034
0000000192
0000000082
0000000179
0000000103
0000000285
0000000529
0000000047
0000000015
0000000028
0000000184
0000000106
0000000223
0000000143
0000000024
0000000205
0000000094
0000000147
0000000080
0000000156
0000000231
0000000023
0000000147
0000000108
0000000117
0000000042
0000000072
0000000165
0000000191
0000000342
0000000063
0000000061
0000000061
0000000120
0000000117
0000000555
0000000127
0000000120
0000000109
0000000190
0000000304
0000000172
0000000208
0000000120
0000000215
0000000076
0000000020
0000000118
0000000281
0000000640
0000000159
0000000091
0000000030
0000000015
0000000052
0000000114
0000000174
0000000087
0000000115
0000000272
0000000060
0000000191
0000000339
0000000030
0000000148
0000000221
0000000355
0000000215
0000000086
0000000104
0000000191
0000000731
0000000228
0000000158
0000000187
0000000254
0000000235
0000000061
0000000027
0000000177
0000000072
0000000201
0000000245
0000000278
0000000113
0000000063
0000000175
0000000169
0000000053
0000000028
0000000446
0000000295
0000000203
0000000089
0000000154
0000000375
0000000268
0000000374
0000000526
0000000016
0000000071
0000000054
0000000112
0000000148
0000000136
0000000046
0000000301
0000000105
0000000141
0000000107
0000000524
0000000026
0000000141
0000000228
0000000688
0000000310
0000000097
0000000393
0000000070
0000000182
0000000222
0000000117
0000000260
0000000074
0000000023
0000000280
0000000051
0000000223
0000000125
0000000126
0000000518
0000000102
0000000103
0000000381
0000000018
0000000111
0000000062
0000000486
0000000306
0000000209
0000000023
0000000860
0000000322
0000000032
0000000204
0000000219
0000000195
0000000034
0000000153
0000000144
0000000077
0000000076
0000000107
0000000556
0000000032
0000000161
0000000410
0000000076
0000000217
0000000015
0000000286
0000000052
0000000348
0000000917
0000000047
0000000141
0000000178
0000000085
0000000068
0000000100
0000000530
0000000068
0000000058
0000000097
0000000037
0000000197
0000000023
0000000053
0000000109
0000000590
0000000104
0000000049
0000000455
0000000084
0000000024
0000000070
0000000188
0000000169
0000000225
0000000086
0000000071
0000000530
0000000119
0000000202
0000000304
0000000131
0000000054
0000000342
0000000128
0000000151
0000000240
0000000017
0000000101
0000000097
0000000122
0000000033
0000000321
0000000196
0000000108
0000000175
0000000338
0000000287
0000000403
0000000111
0000000140
0000000097
0000000191
0000000290
0000000027
0000000026
