0000000434
0000000023
0000000198
0000000108
0000000081
0000000083
0000000105
0000000216
0000000131
0000000164
0000000037
0000000027
0000000140
0000000038
0000000172
0000000113
0000000018
0000000119
0000000612
0000000129
0000000096
0000000134
0000000118
0000000175
0000000084
0000000086
0000000341
0000000097
0000000911
0000000174
0000000391
0000000099
0000000083
0000000059
0000000058
0000000128
0000000074
0000000167
0000000445
0000000379
0000000216
0000000506
0000000088
0000000161
0000000043
0000000197
0000000122
0000000060
0000000335
0000000454
0000000129
0000000322
0000000101
0000000177
0000000222
0000000284
0000000198
0000000122
0000000085
0000000075
0000000145
0000000239
0000000246
0000000078
0000000390
0000000028
0000000318
0000000618
0000000068
0000000275
0000000090
0000000089
0000000038
0000000300
0000000136
0000000111
0000000107
0000000202
0000000034
0000000217
0000000419
0000000137
0000000250
0000000027
0000000198
0000000060
0000000139
0000000398
0000000154
0000000023
0000000211
0000000134
0000000185
0000000181
0000000071
0000000210
0000000241
0000000020
0000000134
0000000159
0000000069
0000000069
0000000323
0000000217
0000000084
0000000136
0000000046
0000000274
0000000090
0000000294
0000000097
0000000142
0000000359
0000000204
0000000105
0000000064
0000000158
0000000068
