0000000093
0000000546
0000000310
0000000124
0000000185
0000000042
0000000015
0000000014
0000000188
0000000090
0000000044
0000000029
0000000044
0000000398
0000000452
0000000057
0000000112
0000000122
0000000207
0000000036
0000000091
0000000052
0000000096
0000000523
0000000059
0000000189
0000000137
0000000243
0000000026
0000000133
0000000081
0000000305
0000000105
0000000121
0000000173
0000000023
0000000457
0000000017
0000000422
0000000088
0000000233
0000000043
0000000076
0000000118
0000000363
0000000213
0000000240
0000000124
0000000121
0000000203
0000000265
0000000025
0000000039
0000000060
0000000157
0000000245
0000000121
0000000310
0000000393
0000000142
0000000196
0000000058
0000000650
0000000048
0000000021
0000000034
0000000103
0000000173
0000000029
0000000194
0000000159
0000000144
0000000053
0000000366
0000000055
0000000157
0000000038
0000000331
0000000102
0000000146
0000000015
0000000333
0000000148
0000000408
0000000035
0000000122
0000000117
0000000070
0000000051
0000000024
0000000148
0000000059
0000000558
0000000206
0000000221
0000000792
0000000093
0000000120
0000000600
0000000124
0000000019
0000000204
0000000720
0000000020
0000000217
0000000434
0000000023
0000000126
0000000072
0000000022
0000000111
0000000068
0000000210
0000000128
0000000409
0000000068
0000000213
0000000019
0000000270
0000000112
0000000384
0000000200
0000000121
0000000037
0000000387
0000000057
0000000050
0000000214
0000000097
0000000098
0000000179
0000000287
0000000071
0000000169
0000000296
0000000164
0000000309
0000000135
0000000147
0000000058
0000000120
0000000704
0000000237
0000000040
0000000358
0000000418
0000000136
0000000071
0000000116
0000000028
0000000048
0000000222
0000000055
0000000063
0000000215
0000000322
0000000157
0000000308
0000000310
0000000021
0000000303
0000000239
0000000356
0000000464
0000000236
0000000279
0000000031
0000000232
0000000147
0000000229
0000000198
0000000189
0000000217
0000000146
0000000513
0000000160
0000000099
0000000017
0000000097
0000000099
0000000031
0000000014
0000000142
0000000017
0000000279
0000000157
0000000117
0000000196
0000000076
0000000025
0000000086
0000000182
0000000189
0000000507
0000000069
0000000327
0000000053
0000000239
0000000180
0000000039
0000000132
0000000162
0000000205
0000000435
0000000244
0000000039
0000000249
0000000066
0000000337
0000000255
0000000458
0000000097
0000000098
0000000080
0000000196
0000000083
0000000297
0000000888
0000000621
0000000442
0000000183
0000000108
0000000212
0000000205
0000000191
0000000062
0000000197
0000000183
0000000134
0000000384
0000000399
0000000159
0000000272
0000000433
0000000062
0000000037
0000000076
0000000274
0000000173
0000000083
0000000171
0000000024
0000000549
0000000047
0000000090
0000000201
0000000459
0000000088
0000000099
0000000305
0000000068
0000000072
0000000404
0000000047
0000000255
0000000081
0000000138
0000000144
0000000047
0000000264
0000000072
0000000205
0000000274
0000000078
0000000086
0000000015
0000000031
0000000028
0000000995
0000000036
0000000177
0000000393
0000000102
0000000070
0000000036
0000000089
0000000015
0000000117
0000000034
0000000077
0000000118
0000000160
0000000368
0000000103
0000000401
0000000123
0000000020
0000000064
0000000368
0000000164
0000000108
0000000039
0000000172
0000000403
0000000038
0000000282
0000000260
0000000079
0000000032
0000000196
0000000308
0000000059
0000000154
0000000264
0000000267
0000000041
0000000091
0000000025
0000000125
0000000232
