0000000144
0000000134
0000000041
0000000027
0000000390
0000000062
0000000292
0000000063
0000000066
0000000017
0000000129
0000000155
0000000076
0000000100
0000000119
0000000079
0000000349
0000000029
0000000261
0000000143
0000000175
0000000039
0000000032
0000000153
0000000462
0000000058
0000000133
0000000168
0000000087
0000000094
0000000061
0000000108
0000000105
0000000103
0000000408
0000000056
0000000196
0000000124
0000000086
0000000141
0000000433
0000000057
0000000030
0000000034
0000000055
0000000176
0000000040
0000000283
0000000075
0000000211
0000000294
0000000478
0000000247
0000000051
0000000161
0000000102
0000000171
0000000158
0000000073
0000000091
0000000168
0000000022
0000000310
0000000052
0000000023
0000000120
0000000217
0000000267
0000000016
0000000030
0000000323
0000000093
0000000085
0000000063
0000000049
0000000055
0000000126
0000000334
0000000059
0000000304
0000000251
0000000162
0000000148
0000000034
0000000175
0000000103
0000000043
0000000279
0000000061
0000000243
0000000036
0000000123
0000000072
0000000020
0000000024
0000000069
0000000015
0000000073
0000000299
0000000211
0000000145
0000000416
0000000172
0000000224
0000000335
0000000104
0000000178
0000000017
0000000299
0000000086
0000000056
0000000214
0000000028
0000000036
0000000146
0000000159
0000000111
0000000236
0000000107
0000000375
0000000266
0000000178
0000000046
0000000111
0000000048
0000000020
0000000057
0000000207
0000000157
0000000082
0000000671
0000000318
0000000258
0000000668
0000000088
0000000138
0000000014
0000000220
0000000144
0000000132
0000000015
0000000195
0000000046
0000000435
0000000081
0000000951
0000000162
0000000064
0000000280
0000000489
0000000024
0000000125
0000000060
0000000037
0000000235
0000000082
0000000048
0000000604
0000000085
0000000047
0000000089
0000000655
0000000231
0000000175
0000000064
0000000160
0000000442
0000000151
0000000053
0000000157
0000000174
0000000192
