0000000127
0000000049
0000000482
0000000067
0000000288
0000000026
0000000280
0000000075
0000000155
0000000321
0000000096
0000000048
0000000025
0000000030
0000000066
0000000184
0000000267
0000000117
0000000103
0000000312
0000000031
0000000061
0000000286
0000000182
0000000172
0000000088
0000000057
0000000124
0000000052
0000000221
0000000014
0000000094
0000000034
0000000134
0000000037
0000000272
0000000485
0000000069
0000000041
0000000086
0000000014
0000000140
0000000419
0000000042
0000000111
0000000052
0000000121
0000000052
0000000397
0000000287
0000000339
0000000131
0000000293
0000000193
0000000127
0000000074
0000000271
0000000174
0000000067
0000000067
0000000525
0000000032
0000000198
0000000103
0000000139
0000000277
0000000251
0000000410
0000000214
0000000047
0000000076
0000000046
0000000149
0000000158
0000000235
0000000318
0000000177
0000000154
0000000023
0000000140
0000000105
0000000117
0000000116
0000000124
0000000162
0000000206
0000000085
0000000051
0000000317
0000000691
0000000245
0000000022
0000000168
0000000048
0000000145
0000000161
0000000141
0000000059
0000000056
0000000057
0000000119
0000000177
0000000193
0000000213
0000000100
0000000752
0000000155
0000000144
0000000156
0000000118
0000000114
0000000238
0000000194
0000000217
0000000209
0000000020
0000000189
0000000053
0000000024
0000000020
0000000100
0000000382
0000000255
0000000264
0000000047
0000000262
0000000493
0000000083
0000000322
0000000076
0000000123
0000000108
0000000165
0000000143
0000000156
0000000081
0000000038
0000000356
0000000122
0000000081
0000000079
0000000042
0000000014
0000000156
0000000050
0000000513
0000000068
0000000146
0000000076
0000000081
0000000458
0000000236
0000000548
0000000100
0000000014
0000000444
0000000613
0000000090
0000000088
0000000470
0000000816
0000000343
0000000178
0000000205
0000000345
0000000160
0000000052
0000000028
0000000069
0000000101
0000000021
0000000087
0000000064
0000000202
0000000213
0000000017
0000000094
0000000109
0000000128
0000000440
0000000181
0000000052
0000000157
0000000199
0000000109
0000000031
0000000121
0000000016
0000000198
0000000240
0000000138
0000000061
0000000106
0000000111
0000000312
0000000109
0000000223
0000000019
0000000087
0000000144
0000000068
0000000187
0000000081
0000000092
0000000057
0000000057
0000000273
0000000083
0000000268
0000000095
0000000380
0000000052
0000000099
0000000100
0000000489
0000000057
0000000058
0000000013
0000000189
0000000223
0000000024
0000000234
0000000056
0000000084
0000000322
0000000119
0000000129
0000000269
0000000072
0000000186
0000000045
0000000177
0000000886
0000000058
0000000334
0000000044
0000000102
0000000056
0000000154
0000000416
0000000145
0000000053
0000000112
0000000267
0000000173
0000000179
0000000084
0000000132
0000000120
0000000060
0000000481
0000000242
0000000157
0000000030
0000000233
0000000030
0000000061
0000000063
0000000046
0000000069
0000000078
0000000045
0000000172
0000000100
0000000252
0000000126
0000000104
0000000044
0000000097
0000000025
0000000075
0000000104
0000000047
0000000194
0000000205
0000000103
0000000042
0000000139
0000000080
0000000093
0000000030
0000000150
0000000260
0000000019
