0000000107
0000000018
0000000233
0000000148
0000000041
0000000625
0000000031
0000000072
0000000397
0000000056
0000000141
0000000331
0000000298
0000000173
0000000072
0000000561
0000000074
0000000247
0000000197
0000000168
0000000130
0000000136
0000000035
0000000311
0000000173
0000000056
0000000132
0000000123
0000000253
0000000024
0000000023
0000000274
0000000081
0000000199
0000000480
0000000149
0000000472
0000000092
0000000030
0000000015
0000000030
0000000278
0000000318
0000000149
0000000094
0000000103
0000000063
0000000308
0000000022
0000000164
0000000606
0000000041
0000000095
0000000071
0000000074
0000000052
0000000234
0000000149
0000000100
0000000126
0000000319
0000000126
0000000204
0000000220
0000000054
0000000059
0000000327
0000000153
0000000021
0000000043
0000000167
0000000174
0000000119
0000000015
0000000084
0000000070
0000000085
0000000037
0000000044
0000000089
0000000125
0000000050
0000000052
0000000378
0000000266
0000000095
0000000384
0000000020
0000000112
0000000389
0000000132
0000000026
0000000189
0000000275
0000000551
0000000030
0000000176
0000000100
0000000044
0000000058
0000000058
0000000100
0000000197
0000000280
0000000078
0000000120
0000000167
0000000083
0000000053
0000000035
0000000036
0000000025
0000000223
0000000084
0000000038
0000000085
0000000119
0000000428
0000000182
0000000086
0000000206
0000000072
0000000148
0000000074
0000000318
0000000108
0000000093
0000000055
0000000103
0000000321
0000000177
0000000140
0000000289
0000000053
0000000377
0000000034
0000000107
0000000218
0000000068
0000000078
0000000066
0000000203
0000000169
0000000037
0000000081
0000000258
0000000143
0000000501
0000000089
0000000233
0000000313
0000000126
0000000749
0000000207
0000000091
0000000080
0000000061
0000000086
0000000086
0000000149
0000000363
0000000081
0000000784
0000000527
0000000494
0000000224
0000000293
0000000214
0000000187
0000000026
0000000247
0000000140
0000000416
0000000056
0000000048
0000000270
0000000195
0000000299
0000000015
0000000078
0000000109
0000000123
0000000100
0000000094
0000000129
0000000240
0000000065
0000000018
0000000054
0000000128
0000000112
0000000063
0000000114
0000000801
0000000493
0000000061
0000000164
0000000072
0000000111
0000000017
0000000034
0000000637
0000000015
0000000398
0000000093
0000000096
0000000113
0000000091
0000000372
0000000419
0000000035
0000000084
0000000023
0000000111
0000000227
0000000043
0000000273
0000000432
0000000023
0000000184
0000000236
0000000053
0000000083
0000000080
0000000088
0000000057
0000000297
0000000217
0000000319
0000000490
0000000220
0000000108
0000000343
0000000252
0000000184
0000000026
0000000036
0000000179
0000000128
0000000116
0000000129
0000000199
0000000322
0000000134
0000000101
0000000239
0000000196
0000000091
0000000444
0000000174
0000000199
0000000164
0000000305
0000000167
0000000028
0000000097
0000000116
0000000074
0000000022
0000000057
0000000204
0000000558
0000000477
0000000336
0000000065
0000000132
0000000039
0000000265
0000000461
0000000158
0000000126
0000000185
0000000148
0000000261
0000000311
0000000108
0000000169
0000000163
0000000134
0000000015
0000000243
0000000231
0000000109
0000000098
0000000019
0000000124
0000000040
0000000219
0000000455
0000000205
0000000178
0000000074
0000000030
0000000239
0000000430
0000000027
0000000488
0000000130
0000000175
0000000097
0000000029
0000000188
0000000019
0000000170
0000000122
0000000198
0000000070
0000000294
0000000443
0000000283
0000000436
0000000017
0000000055
0000000244
0000000068
