0000000160
0000000038
0000000139
0000000019
0000000030
0000000127
0000000343
0000000320
0000000186
0000000319
0000000061
0000000322
0000000057
0000000104
0000000481
0000000180
0000000716
0000000144
0000000374
0000000182
0000000104
0000000264
0000000062
0000000054
0000000016
0000000238
0000000534
0000000130
0000000177
0000000282
0000000043
0000000071
0000000171
0000000172
0000000623
0000000111
0000000024
0000000649
0000000120
0000000177
0000000180
0000000201
0000000216
0000000142
0000000116
0000000369
0000000129
0000000455
0000000155
0000000168
0000000086
0000000112
0000000280
0000000057
0000000037
0000000337
0000000841
0000000054
0000000195
0000000104
0000000429
0000000383
0000000948
0000000034
0000000138
0000000018
0000000105
0000000100
0000000219
0000000066
0000000157
0000000045
0000000028
0000000038
0000000052
0000000221
0000000238
0000000071
0000000105
0000000513
0000000046
0000000090
0000000241
0000000026
0000000379
0000000284
0000000064
0000000262
0000000022
0000000079
0000000016
0000000110
0000000248
