0000000198
0000000015
0000000117
0000000096
0000000019
0000000071
0000000208
0000000048
0000000092
0000000150
0000000237
0000000015
0000000039
0000000228
0000000072
0000000045
0000000237
0000000552
0000000095
0000000232
0000000019
0000000120
0000000222
0000000363
0000000127
0000000112
0000000194
0000000111
0000000027
0000000114
0000000180
0000000122
0000000107
0000000236
0000000070
0000000194
0000000086
0000000144
0000000143
0000000155
0000000040
0000000056
0000000320
0000000111
0000000277
0000000261
0000000183
0000000750
0000000563
0000000109
0000000492
0000000227
0000000072
0000000130
0000000026
0000000213
0000000474
0000000131
0000000136
0000000020
0000000220
0000000503
0000000119
0000000020
0000000236
0000000070
0000000017
0000000513
0000000805
0000000147
0000000101
0000000241
0000000119
0000000482
0000000127
0000000080
0000000021
0000000201
0000000170
0000000637
0000000232
