0000000089
0000000086
0000000475
0000000144
0000000209
0000000229
0000000120
0000000137
0000000067
0000000171
0000000023
0000000170
0000000192
0000000093
0000000106
0000000195
0000000191
0000000276
0000000472
0000000333
0000000589
0000000046
0000000205
0000000454
0000000068
0000000031
0000000063
0000000392
0000000050
0000000158
0000000016
0000000137
0000000065
0000000107
0000000025
0000000058
0000000481
0000000017
0000000057
0000000809
0000000190
0000000432
0000000061
0000000024
0000000061
0000000083
0000000217
0000000096
0000000111
0000000094
