0000000099
0000000061
0000000197
0000000027
0000000210
0000000089
0000000064
0000000024
0000000057
0000000180
0000000024
0000000120
0000000350
0000000215
0000000138
0000000093
0000000027
0000000814
0000000043
0000000622
0000000244
0000000212
0000000472
0000000286
0000000087
0000000410
0000000271
0000000025
0000000457
0000000156
0000000070
0000000075
0000000381
0000000055
0000000115
0000000322
0000000121
0000000026
0000000022
0000000028
0000000292
0000000032
0000000156
0000000215
0000000216
0000000104
0000000120
0000000167
0000000181
0000000070
0000000194
0000000042
0000000038
0000000081
0000000146
0000000062
0000000336
0000000051
0000000027
0000000102
0000000071
0000000083
0000000483
0000000215
0000000187
0000000454
0000000881
0000000202
0000000109
0000000027
0000000143
0000000015
0000000291
0000000106
0000000064
0000000095
0000000020
0000000074
0000000380
0000000082
0000000993
0000000062
0000000081
0000000164
0000000074
0000000054
0000000183
0000000054
0000000512
0000000118
0000000226
0000000252
0000000356
0000000099
0000000320
0000000132
0000000147
0000000233
0000000028
0000000226
0000000057
0000000096
0000000242
0000000052
0000000209
0000000062
0000000614
0000000105
0000000164
0000000188
0000000139
0000000018
0000000214
0000000129
0000000173
0000000060
0000000464
0000000143
0000000064
0000000125
0000000044
0000000052
0000000088
0000000286
0000000087
0000000201
0000000175
0000000045
0000000077
0000000138
0000000070
0000000034
0000000117
0000000309
0000000049
0000000080
0000000146
0000000051
0000000095
0000000041
0000000208
0000000186
0000000133
0000000088
0000000258
0000000127
0000000051
0000000175
0000000231
0000000214
0000000401
0000000192
0000000038
0000000150
0000000085
0000000069
0000000448
0000000045
0000000104
0000000145
0000000282
0000000015
0000000022
0000000247
0000000109
0000000239
0000000210
0000000117
0000000450
0000000219
0000000357
0000000119
0000000044
0000000173
0000000144
0000000076
0000000066
0000000192
0000000044
0000000056
0000000208
0000000321
0000000434
0000000227
0000000278
0000000076
0000000026
0000000099
0000000133
0000000234
0000000101
0000000089
0000000158
0000000213
0000000110
0000000070
0000000025
0000000041
0000000095
0000000176
0000000248
0000000108
0000000224
0000000068
0000000027
0000000334
0000000490
0000000218
0000000149
0000000260
0000000247
0000000023
0000000051
0000000078
0000000208
0000000250
0000000095
0000000064
0000000348
0000000017
0000000158
0000000211
0000000198
0000000135
0000000589
0000000122
0000000121
0000000147
0000000094
0000000086
0000000207
0000000241
0000000166
0000000054
0000000054
0000000155
0000000165
0000000034
0000000023
0000000177
0000000083
0000000629
0000000579
0000000107
0000000040
0000000213
0000000186
0000000020
0000000231
0000000144
0000000242
0000000198
0000000301
0000000077
0000000026
0000000097
0000000063
0000000063
0000000139
0000000410
0000000972
0000000016
0000000031
0000000529
0000000297
0000000178
0000000343
0000000133
