0000000075
0000000233
0000000039
0000000424
0000000110
0000000226
0000000012
0000000022
0000000047
0000000126
0000000309
0000000244
0000000027
0000000124
0000000233
0000000362
0000000151
0000000204
0000000257
0000000129
0000000018
0000000566
0000000056
0000000548
0000000375
0000000037
0000000055
0000000250
0000000301
0000000076
0000000019
0000000187
0000000060
0000000474
0000000216
0000000120
0000000194
0000000104
0000000168
0000000030
0000000110
0000000118
0000000127
0000000150
0000000014
0000000236
0000000081
0000000115
0000000089
0000000021
0000000160
0000000015
0000000320
0000000163
0000000129
0000000038
0000000052
0000000255
0000000528
0000000090
0000000203
0000000203
0000000028
0000000095
0000000240
0000000038
0000000019
0000000481
0000000275
0000000179
0000000357
0000000023
0000000167
0000000037
0000000289
0000000098
0000000686
0000000024
0000000520
0000000762
0000000016
0000000070
0000000411
0000000096
0000000032
0000000294
0000000221
0000000031
0000000414
0000000103
0000000147
0000000041
0000000131
0000000540
0000000114
0000000463
0000000066
0000000327
0000000079
0000000327
0000000140
0000000723
0000000273
0000000236
0000000123
0000000255
0000000159
0000000142
0000000222
0000000696
0000000060
0000000057
0000000441
0000000194
0000000138
0000000088
0000000033
0000000076
