0000000161
0000000282
0000000165
0000000075
0000000030
0000000177
0000000186
0000000027
0000000293
0000000126
0000000079
0000000087
0000000050
0000000105
0000000135
0000000327
0000000474
0000000128
0000000121
0000000107
0000000689
0000000227
0000000284
0000000036
0000000168
0000000052
0000000389
0000000201
0000000272
0000000222
0000000093
0000000043
0000000037
0000000249
0000000144
0000000079
0000000577
0000000085
0000000110
0000000125
0000000096
0000000441
0000000295
0000000135
0000000293
0000000221
0000000099
0000000042
0000000031
0000000209
0000000341
0000000114
0000000044
0000000049
0000000103
0000000307
0000000041
0000000205
0000000122
0000000099
0000000045
0000000292
0000000071
