0000000238
0000000732
0000000158
0000000543
0000000175
0000000068
0000000181
0000000271
0000000017
0000000059
0000000179
0000000043
0000000287
0000000117
0000000065
0000000253
0000000499
0000000451
0000000049
0000000318
0000000135
0000000379
0000000291
0000000566
0000000056
0000000586
0000000466
0000000041
0000000113
0000000153
0000000163
0000000052
0000000088
0000000277
0000000088
0000000315
0000000164
0000000134
0000000127
0000000099
0000000041
0000000060
0000000294
0000000054
0000000086
0000000089
