0000000202
0000000051
0000000054
0000000050
0000000269
0000000104
0000000080
0000000120
0000000473
0000000124
0000000290
0000000119
0000000078
0000000101
0000000028
0000000208
0000000156
0000000025
0000000314
0000000100
0000000028
0000000315
0000000216
0000000042
0000000326
0000000158
0000000264
0000000070
0000000223
0000000186
0000000079
0000000220
0000000064
0000000220
0000000039
0000000258
0000000046
0000000627
0000000027
0000000143
0000000275
0000000855
0000000459
0000000106
0000000205
0000000087
0000000352
