0000000088
0000000073
0000000178
0000000228
0000000050
0000000036
0000000151
0000000015
0000000020
0000000070
0000000118
0000000198
0000000061
0000000016
0000000025
0000000082
0000000234
0000000127
0000000126
0000000129
0000000081
0000000133
0000000072
0000000288
0000000797
0000000149
0000000020
0000000320
0000000360
0000000254
0000000137
0000000316
0000000207
0000000043
0000000018
0000000025
0000000104
0000000240
0000000049
0000000469
0000000089
0000000132
0000000050
0000000029
0000000153
0000000088
0000000073
0000000397
0000000260
0000000287
0000000459
0000000176
0000000234
0000000036
0000000185
0000000127
0000000089
0000000118
0000000046
0000000296
0000000026
0000000354
0000000119
0000000076
0000000540
0000000039
0000000233
0000000868
0000000036
0000000508
0000000056
0000000102
0000000018
0000000099
0000000258
0000000062
0000000019
0000000015
0000000210
0000000043
0000000166
0000000039
0000000108
0000000092
0000000195
0000000165
0000000153
0000000353
0000000036
0000000300
0000000056
0000000041
0000000211
0000000162
0000000031
0000000126
0000000019
