0000000100
0000000105
0000000100
0000000098
0000000029
0000000162
0000000222
0000000325
0000000532
0000000423
0000000031
0000000075
0000000014
0000000140
0000000016
0000000861
0000000234
0000000052
0000000198
0000000294
0000000031
0000000165
0000000054
0000000082
0000000050
0000000112
0000000285
0000000166
0000000151
0000000643
0000000095
0000000108
0000000057
0000000085
0000000113
0000000215
0000000130
0000000039
0000000048
0000000042
0000000368
0000000083
0000000068
0000000038
0000000232
0000000020
0000000164
0000000277
0000000114
0000000227
0000000103
0000000099
0000000345
0000000098
0000000225
0000000147
0000000039
0000000166
0000000057
0000000073
0000000174
0000000113
0000000080
0000000144
0000000685
0000000281
0000000076
0000000487
0000000208
0000000017
0000000144
0000000026
0000000597
0000000057
0000000424
0000000066
0000000062
0000000316
0000000067
0000000150
0000000069
0000000278
