0000000072
0000000122
0000000581
0000000039
0000000308
0000000040
0000000147
0000000344
0000000113
0000000325
0000000724
0000000063
0000000283
0000000112
0000000100
0000000102
0000000236
0000000023
0000000110
0000000057
0000000087
0000000596
0000000036
0000000528
0000000066
0000000202
0000000408
0000000152
0000000466
0000000174
0000000074
0000000123
0000000126
0000000503
0000000141
0000000151
0000000157
0000000085
0000000405
0000000243
0000000205
0000000550
0000000276
0000000170
0000000033
0000000348
0000000031
0000000121
0000000147
0000000048
0000000165
0000000158
0000000179
0000000066
0000000354
0000000061
0000000437
0000000173
0000000132
0000000016
0000000139
0000000019
0000000225
0000000066
0000000025
0000000242
0000000220
0000000121
0000000078
0000000159
0000000185
0000000082
0000000204
0000000737
0000000088
0000000078
0000000024
0000000079
0000000108
0000000098
0000000217
0000000049
0000000282
0000000033
0000000069
0000000160
0000000169
0000000044
0000000013
0000000507
0000000285
0000000097
0000000136
0000000055
0000000167
0000000041
0000000092
0000000493
0000000023
0000000016
0000000015
0000000277
0000000066
0000000048
0000000101
0000000467
0000000149
0000000174
0000000191
0000000141
