0000000020
0000000042
0000000182
0000000391
0000000067
0000000082
0000000074
0000000439
0000000149
0000000233
0000000073
0000000059
0000000205
0000000195
0000000146
0000000021
0000000046
0000000023
0000000030
0000000147
0000000036
0000000129
0000000080
0000000109
0000000527
0000000050
0000000079
0000000047
0000000251
0000000527
0000000026
0000000269
0000000121
0000000233
0000000037
0000000202
0000000088
0000000076
0000000018
0000000175
0000000737
0000000098
0000000082
0000000043
0000000399
0000000214
0000000030
0000000408
0000000375
0000000056
0000000043
0000000062
0000000121
0000000691
0000000063
0000000220
0000000244
0000000026
0000000186
0000000020
0000000057
0000000206
0000000212
0000000028
0000000033
0000000290
0000000131
0000000084
0000000069
0000000165
0000000163
0000000148
0000000201
0000000043
0000000985
0000000045
0000000350
0000000082
0000000035
0000000334
0000000127
0000000185
0000000156
0000000214
0000000015
0000000424
0000000193
0000000015
0000000492
0000000042
0000000070
0000000236
0000000157
0000000170
0000000087
0000000041
0000000178
0000000145
0000000338
0000000016
0000000518
0000000019
0000000048
0000000113
0000000425
0000000090
0000000063
0000000254
0000000151
0000000064
0000000151
0000000095
