0000000153
0000000187
0000000298
0000000168
0000000081
0000000202
0000000198
0000000071
0000000056
0000000056
0000000060
0000000037
0000000049
0000000234
0000000134
0000000115
0000000162
0000000136
0000000019
0000000173
0000000115
0000000173
0000000246
0000000060
0000000267
0000000203
0000000204
0000000319
0000000062
0000000017
0000000215
0000000244
0000000126
0000000031
0000000538
0000000168
0000000082
0000000066
0000000828
0000000144
0000000077
0000000405
0000000123
0000000264
0000000337
0000000090
0000000031
0000000212
0000000158
0000000046
0000000085
0000000029
0000000027
0000000064
0000000064
0000000033
0000000060
0000000284
0000000121
0000000070
0000000344
0000000058
0000000035
0000000632
0000000072
0000000234
0000000361
0000000146
0000000013
0000000060
0000000059
0000000213
0000000138
0000000036
0000000173
0000000036
0000000226
0000000111
0000000210
0000000105
0000000194
0000000035
0000000033
0000000303
0000000181
0000000358
0000000266
0000000094
0000000087
0000000182
0000000053
0000000293
0000000113
0000000403
0000000097
0000000066
0000000101
0000000309
0000000290
0000000111
0000000524
0000000415
0000000037
0000000089
0000000079
0000000533
0000000581
0000000091
0000000282
0000000312
0000000194
0000000111
0000000406
0000000015
0000000040
0000000107
0000000036
0000000104
0000000101
0000000466
0000000070
0000000053
0000000071
0000000461
0000000284
0000000179
0000000170
0000000110
0000000475
0000000112
0000000263
0000000027
0000000206
0000000298
0000000042
0000000480
0000000142
0000000021
0000000076
0000000184
0000000040
0000000156
0000000161
0000000192
0000000246
0000000282
0000000078
0000000119
0000000360
