0000000044
0000000339
0000000120
0000000130
0000000058
0000000095
0000000061
0000000155
0000000542
0000000037
0000000020
0000000061
0000000031
0000000129
0000000244
0000000165
0000000169
0000000113
0000000095
0000000015
0000000015
0000000263
0000000244
0000000131
0000000132
0000000042
0000000202
0000000256
0000000222
0000000121
0000000510
0000000189
0000000501
0000000052
0000000176
0000000229
0000000293
0000000020
0000000103
0000000520
0000000112
0000000048
0000000099
0000000051
0000000045
0000000081
0000000080
0000000837
0000000016
0000000045
0000000015
0000000115
0000000275
0000000392
0000000048
0000000135
0000000212
0000000027
0000000215
0000000030
0000000168
0000000024
0000000087
0000000050
0000000098
0000000193
0000000042
0000000050
0000000047
0000000137
0000000013
0000000013
0000000058
0000000134
0000000085
0000000488
0000000138
0000000099
0000000571
0000000362
0000000869
0000000056
0000000213
0000000110
0000000241
0000000065
0000000142
0000000049
0000000023
0000000214
0000000033
0000000093
0000000061
0000000331
0000000403
0000000107
0000000018
0000000132
0000000077
0000000341
0000000077
0000000122
0000000269
0000000602
0000000227
0000000257
0000000196
0000000063
0000000199
0000000094
0000000027
0000000103
0000000245
0000000288
0000000123
0000000175
0000000331
0000000061
0000000033
0000000262
0000000086
0000000156
0000000458
0000000221
