0000000119
0000000427
0000000112
0000000041
0000000466
0000000586
0000000396
0000000063
0000000182
0000000080
0000000047
0000000050
0000000064
0000000361
0000000035
0000000021
0000000487
0000000109
0000000169
0000000016
0000000065
0000000092
0000000122
0000000298
0000000026
0000000149
0000000280
0000000066
0000000081
0000000323
0000000418
0000000700
0000000217
0000000141
0000000091
0000000080
0000000037
0000000040
0000000337
0000000032
0000000447
0000000305
0000000076
0000000108
0000000032
0000000124
0000000098
0000000113
0000000248
0000000064
0000000120
0000000108
0000000153
0000000107
0000000131
0000000135
0000000098
0000000045
0000000176
0000000026
0000000190
0000000082
0000000281
0000000162
0000000292
0000000097
0000000187
0000000081
0000000552
0000000046
0000000064
0000000028
0000000036
0000000199
0000000137
0000000451
0000000205
0000000277
0000000224
0000000131
0000000068
0000000146
0000000189
0000000086
0000000238
0000000133
0000000067
0000000103
0000000641
0000000309
0000000049
0000000047
0000000161
0000000204
0000000222
0000000041
0000000103
0000000055
0000000143
0000000045
0000000569
0000000235
0000000125
0000000083
0000000437
0000000016
0000000070
0000000326
0000000051
0000000088
0000000065
0000000178
0000000025
0000000134
0000000296
0000000154
0000000073
0000000194
0000000015
0000000084
0000000128
0000000113
0000000662
0000000048
0000000360
0000000169
0000000016
0000000043
0000000116
0000000242
0000000320
0000000168
0000000035
0000000028
0000000032
0000000032
0000000018
0000000406
0000000031
0000000029
0000000351
0000000037
0000000019
0000000473
0000000311
0000000308
0000000259
0000000014
0000000094
0000000021
0000000445
0000000044
0000000172
0000000179
0000000241
0000000089
0000000352
0000000094
0000000015
0000000108
0000000065
0000000129
0000000040
0000000186
0000000025
0000000298
0000000551
0000000139
0000000091
0000000121
0000000266
0000000181
0000000195
0000000081
0000000082
0000000013
0000000030
0000000196
0000000274
0000000098
0000000333
0000000376
0000000173
0000000103
0000000121
0000000108
0000000256
0000000294
0000000201
0000000299
0000000082
0000000169
0000000015
0000000071
0000000205
0000000039
0000000103
0000000048
0000000213
0000000115
0000000026
0000000020
0000000163
0000000089
0000000030
0000000136
0000000312
0000000618
0000000068
0000000026
0000000324
0000000151
0000000476
0000000137
0000000225
0000000080
0000000263
0000000158
0000000644
0000000101
0000000144
0000000229
0000000075
0000000040
0000000062
0000000107
0000000332
0000000128
0000000024
0000000040
0000000432
0000000063
0000000063
0000000129
0000000098
0000000055
0000000157
0000000033
0000000018
0000000070
0000000234
0000000140
0000000269
0000000154
0000000030
0000000778
0000000049
0000000097
0000000074
0000000223
0000000063
0000000203
0000000061
0000000133
0000000465
0000000279
0000000078
