0000000117
0000000048
0000000165
0000000030
0000000025
0000000120
0000000025
0000000488
0000000039
0000000093
0000000071
0000000256
0000000455
0000000069
0000000502
0000000083
0000000196
0000000087
0000000079
0000000090
0000000130
0000000077
0000000891
0000000133
0000000058
0000000376
0000000027
0000000195
0000000298
0000000724
0000000032
0000000172
0000000299
0000000076
0000000069
0000000063
0000000274
0000000148
0000000199
0000000024
0000000093
0000000082
0000000152
0000000218
0000000201
0000000071
0000000304
0000000201
0000000143
0000000177
0000000504
0000000575
0000000281
0000000212
0000000076
0000000195
0000000378
0000000050
0000000043
0000000893
0000000016
0000000198
0000000187
0000000028
0000000020
0000000087
0000000055
0000000183
0000000048
0000000022
0000000021
0000000076
0000000029
0000000226
0000000074
0000000101
0000000254
0000000155
0000000073
0000000042
0000000048
0000000170
0000000074
0000000157
0000000193
0000000170
0000000017
0000000027
0000000175
0000000177
0000000230
0000000082
0000000105
0000000706
0000000047
0000000162
0000000079
0000000034
0000000099
0000000331
0000000103
0000000074
0000000527
0000000060
0000000116
0000000091
0000000380
0000000343
0000000047
0000000182
0000000124
0000000082
0000000039
0000000330
0000000401
0000000439
0000000140
0000000085
0000000286
0000000168
0000000331
0000000031
0000000182
0000000676
0000000984
0000000013
0000000212
0000000040
0000000065
0000000265
0000000488
0000000082
0000000165
0000000192
0000000065
0000000336
0000000092
0000000038
0000000133
0000000292
0000000330
0000000308
0000000069
0000000295
0000000216
0000000348
0000000352
0000000229
0000000143
0000000184
0000000099
0000000028
0000000035
0000000249
0000000423
