0000000049
0000000950
0000000204
0000000039
0000000147
0000000159
0000000014
0000000109
0000000495
0000000041
0000000324
0000000122
0000000213
0000000018
0000000109
0000000361
0000000066
0000000062
0000000110
0000000097
0000000032
0000000381
0000000529
0000000101
0000000065
0000000243
0000000053
0000000078
0000000269
0000000093
0000000422
0000000535
0000000317
0000000236
0000000015
0000000186
0000000060
0000000125
0000000064
0000000119
0000000234
0000000020
0000000179
0000000115
0000000115
0000000022
0000000095
0000000032
0000000159
0000000182
0000000119
0000000037
0000000046
0000000231
0000000236
0000000123
0000000062
0000000118
0000000028
0000000209
0000000170
0000000084
0000000039
0000000012
0000000178
0000000257
0000000182
0000000149
0000000116
0000000038
0000000036
0000000371
0000000017
0000000033
0000000029
0000000118
0000000030
0000000033
0000000159
0000000019
0000000036
0000000086
0000000079
0000000018
0000000342
0000000107
0000000092
0000000091
0000000402
0000000015
0000000050
0000000129
0000000378
0000000146
0000000078
0000000110
0000000077
0000000653
0000000269
0000000350
0000000062
0000000060
0000000149
0000000174
0000000077
0000000113
0000000132
0000000164
0000000053
0000000327
0000000075
0000000141
0000000047
0000000160
0000000338
0000000096
0000000233
0000000163
0000000228
0000000036
0000000364
0000000311
0000000338
0000000239
0000000032
0000000589
0000000121
0000000063
0000000211
0000000057
0000000268
0000000074
0000000276
0000000207
0000000121
0000000096
0000000049
0000000035
0000000019
0000000064
0000000112
0000000139
0000000110
0000000165
0000000236
0000000042
0000000020
0000000328
0000000474
0000000378
0000000018
0000000152
0000000085
0000000034
0000000361
0000000051
0000000014
0000000181
0000000045
0000000189
0000000100
0000000272
0000000176
0000000147
0000000196
0000000098
0000000051
0000000015
0000000163
0000000084
0000000164
0000000035
0000000368
0000000085
0000000048
0000000092
0000000166
0000000083
0000000185
0000000214
0000000187
0000000050
0000000025
0000000038
0000000192
0000000022
0000000160
0000000057
0000000145
0000000298
0000000200
0000000097
0000000201
0000000047
0000000043
0000000083
0000000152
0000000181
0000000474
0000000042
0000000554
0000000177
0000000143
0000000017
0000000252
0000000204
0000000064
0000000032
0000000254
