0000000167
0000000455
0000000072
0000000244
0000000124
0000000028
0000000231
0000000182
0000000219
0000000113
0000000094
0000000014
0000000051
0000000211
0000000166
0000000180
0000000059
0000000736
0000000215
0000000307
0000000452
0000000071
0000000394
0000000138
0000000043
0000000392
0000000474
0000000050
0000000036
0000000536
0000000200
0000000068
0000000062
0000000066
0000000148
0000000042
0000000022
0000000124
0000000227
0000000241
0000000084
0000000081
0000000072
0000000067
0000000078
0000000376
0000000207
0000000041
0000000181
0000000189
0000000021
0000000259
0000000114
0000000131
0000000157
0000000134
0000000022
0000000061
0000000037
0000000087
0000000044
0000000065
0000000253
0000000485
0000000107
0000000172
0000000046
0000000071
0000000040
0000000207
0000000081
0000000099
0000000022
0000000219
0000000166
0000000124
0000000079
0000000015
0000000471
0000000164
0000000019
0000000196
0000000071
0000000135
0000000083
0000000908
0000000212
0000000302
0000000496
0000000063
0000000051
0000000117
0000000062
0000000297
0000000370
0000000363
0000000020
0000000027
0000000073
0000000212
0000000261
