0000000093
0000000068
0000000062
0000000067
0000000164
0000000033
0000000150
0000000239
0000000035
0000000091
0000000077
0000000145
0000000104
0000000050
0000000054
0000000120
0000000193
0000000273
0000000061
0000000285
0000000206
0000000100
0000000079
0000000156
0000000107
0000000075
0000000031
0000000054
0000000128
0000000348
0000000466
0000000154
0000000223
0000000018
0000000401
0000000091
0000000069
0000000035
0000000576
0000000099
0000000153
0000000075
0000000045
0000000072
0000000438
0000000977
0000000054
0000000061
0000000060
0000000556
0000000479
0000000137
0000000176
0000000234
0000000296
0000000020
0000000031
0000000057
0000000103
0000000180
0000000252
0000000214
0000000195
0000000114
0000000029
0000000156
0000000202
0000000288
0000000099
0000000068
0000000266
0000000075
0000000279
0000000128
0000000191
0000000046
0000000284
0000000082
0000000254
0000000074
0000000167
0000000148
0000000134
0000000143
0000000090
0000000091
0000000090
0000000107
0000000143
0000000041
0000000149
0000000150
0000000016
0000000328
0000000053
0000000067
0000000106
0000000299
0000000043
0000000206
0000000061
0000000153
0000000160
0000000049
0000000095
0000000523
0000000060
0000000028
0000000227
0000000127
0000000075
0000000412
0000000326
0000000151
0000000082
0000000186
0000000101
0000000112
0000000163
0000000390
0000000041
0000000167
0000000239
0000000104
0000000088
0000000100
0000000975
0000000182
0000000091
0000000042
0000000015
0000000205
0000000035
0000000165
0000000195
