0000000046
0000000247
0000000168
0000000101
0000000164
0000000131
0000000610
0000000189
0000000098
0000000034
0000000107
0000000018
0000000339
0000000084
0000000120
0000000187
0000000215
0000000084
0000000071
0000000212
0000000033
0000000018
0000000121
0000000179
0000000188
0000000365
0000000062
0000000019
0000000181
0000000068
0000000108
0000000017
0000000404
0000000061
0000000109
0000000124
0000000468
0000000045
0000000240
0000000091
0000000063
0000000118
0000000684
0000000954
0000000099
0000000106
0000000270
0000000204
0000000086
0000000036
0000000094
0000000229
0000000444
0000000984
0000000031
0000000150
0000000483
0000000115
0000000030
0000000104
0000000177
0000000014
0000000242
0000000354
0000000134
0000000823
0000000104
0000000395
0000000338
0000000036
0000000090
0000000058
0000000015
0000000156
0000000350
0000000147
0000000035
0000000266
0000000118
0000000393
0000000210
0000000356
0000000059
0000000354
