0000000658
0000000290
0000000254
0000000231
0000000265
0000000037
0000000164
0000000123
0000000141
0000000068
0000000330
0000000189
0000000146
0000000252
0000000016
0000000138
0000000359
0000000066
0000000025
0000000094
0000000129
0000000046
0000000054
0000000478
0000000198
0000000047
0000000035
0000000018
0000000015
0000000225
0000000587
0000000017
0000000128
0000000425
0000000021
0000000049
0000000133
0000000076
0000000019
0000000499
0000000101
0000000076
0000000022
0000000034
0000000319
0000000128
0000000041
0000000228
0000000244
0000000044
0000000462
0000000052
0000000114
0000000125
0000000041
0000000252
0000000038
0000000250
0000000519
0000000056
0000000032
0000000017
0000000117
0000000060
