0000000163
0000000100
0000000156
0000000057
0000000296
0000000019
0000000191
0000000203
0000000131
0000000214
0000000234
0000000209
0000000033
0000000127
0000000085
0000000064
0000000189
0000000479
0000000067
0000000078
0000000083
0000000028
0000000036
0000000218
0000000096
0000000043
0000000049
0000000228
0000000016
0000000044
0000000179
0000000036
0000000024
0000000194
0000000066
0000000076
0000000021
0000000143
0000000039
0000000085
0000000095
0000000079
0000000100
0000000174
0000000038
0000000019
0000000304
0000000050
0000000023
0000000188
0000000074
0000000098
0000000070
0000000109
0000000535
0000000045
0000000253
0000000044
0000000014
0000000433
0000000168
0000000271
0000000121
0000000022
0000000091
0000000084
0000000428
0000000022
0000000075
0000000656
0000000307
0000000026
0000000112
0000000126
0000000292
0000000677
0000000194
0000000200
0000000095
0000000047
0000000158
0000000275
0000000248
0000000245
