0000000048
0000000034
0000000048
0000000214
0000000059
0000000038
0000000247
0000000216
0000000065
0000000125
0000000388
0000000236
0000000048
0000000344
0000000394
0000000440
0000000728
0000000141
0000000069
0000000036
0000000032
0000000064
0000000073
0000000208
0000000356
0000000174
0000000123
0000000603
0000000054
0000000021
0000000086
0000000137
0000000054
0000000106
0000000309
0000000021
0000000043
0000000162
0000000265
0000000178
0000000069
0000000084
0000000177
0000000461
0000000068
0000000154
0000000453
0000000149
0000000530
0000000058
0000000210
0000000212
0000000766
0000000143
0000000160
0000000364
0000000060
0000000035
0000000102
0000000090
0000000102
0000000233
0000000072
0000000061
0000000136
0000000188
0000000076
0000000233
0000000218
0000000355
0000000139
0000000146
0000000052
0000000174
0000000037
0000000148
0000000796
0000000424
0000000254
