0000000232
0000000065
0000000015
0000000332
0000000528
0000000036
0000000016
0000000771
0000000316
0000000094
0000000056
0000000094
0000000222
0000000066
0000000028
0000000027
0000000944
0000000283
0000000020
0000000042
0000000164
0000000030
0000000066
0000000359
0000000279
0000000219
0000000528
0000000068
0000000173
0000000099
0000000189
0000000196
0000000028
0000000047
0000000219
0000000083
0000000133
0000000059
0000000316
0000000326
0000000074
0000000272
0000000152
0000000042
0000000355
0000000053
0000000089
0000000365
0000000048
0000000252
0000000337
0000000979
0000000152
0000000412
0000000111
0000000485
0000000048
0000000026
0000000170
0000000304
