0000000403
0000000074
0000000379
0000000149
0000000193
0000000177
0000000037
0000000182
0000000132
0000000116
0000000109
0000000133
0000000329
0000000222
0000000283
0000000117
0000000273
0000000183
0000000181
0000000019
0000000111
0000000067
0000000046
0000000119
0000000053
0000000233
0000000111
0000000339
0000000069
0000000019
0000000081
0000000097
0000000181
0000000077
0000000354
0000000110
0000000051
0000000066
0000000193
0000000083
0000000344
0000000131
0000000130
0000000161
0000000019
0000000067
0000000105
0000000057
0000000158
0000000180
0000000089
0000000327
0000000031
0000000096
0000000017
0000000052
