0000000117
0000000294
0000000102
0000000407
0000000036
0000000030
0000000190
0000000032
0000000297
0000000242
0000000186
0000000223
0000000214
0000000049
0000000393
0000000149
0000000247
0000000086
0000000055
0000000054
0000000145
0000000038
0000000072
0000000263
0000000547
0000000078
0000000159
0000000034
0000000185
0000000040
0000000183
0000000059
0000000030
0000000047
0000000073
0000000305
0000000052
0000000102
0000000211
0000000074
0000000247
0000000095
0000000031
0000000046
0000000123
0000000508
0000000044
0000000504
0000000261
0000000019
0000000112
0000000095
0000000062
0000000115
0000000080
0000000040
0000000183
0000000109
0000000056
0000000936
0000000045
0000000163
0000000462
0000000054
0000000175
0000000020
0000000128
0000000094
0000000188
0000000467
0000000121
0000000355
0000000169
0000000026
0000000363
0000000162
0000000217
0000000241
0000000059
0000000317
0000000224
0000000121
0000000128
0000000060
0000000133
0000000207
0000000187
0000000097
0000000101
0000000015
0000000100
0000000023
0000000382
0000000029
0000000178
0000000120
0000000122
0000000574
0000000088
0000000022
0000000293
0000000040
0000000576
0000000037
0000000019
0000000037
0000000298
0000000117
