0000000094
0000000021
0000000019
0000000081
0000000210
0000000104
0000000584
0000000029
0000000053
0000000326
0000000354
0000000232
0000000129
0000000160
0000000092
0000000840
0000000052
0000000085
0000000053
0000000070
0000000153
0000000383
0000000065
0000000049
0000000132
0000000129
0000000309
0000000116
0000000036
0000000080
0000000450
0000000066
0000000096
0000000269
0000000042
0000000154
0000000205
0000000032
0000000533
0000000275
0000000441
0000000025
0000000248
0000000039
0000000041
0000000028
0000000070
0000000239
0000000143
0000000102
0000000480
0000000251
0000000040
0000000111
0000000060
0000000044
0000000102
0000000166
0000000104
0000000308
0000000189
0000000584
0000000095
0000000141
0000000115
0000000185
0000000601
0000000208
0000000032
0000000165
0000000254
0000000454
0000000127
0000000150
0000000297
0000000079
0000000085
0000000032
0000000477
0000000114
0000000093
0000000249
0000000152
0000000556
0000000074
0000000065
0000000045
0000000085
0000000346
0000000090
0000000293
0000000038
0000000198
0000000129
0000000022
0000000387
0000000091
0000000102
0000000014
0000000093
0000000159
0000000040
0000000040
0000000022
0000000396
0000000402
0000000095
0000000020
0000000030
0000000104
0000000317
0000000014
0000000035
0000000082
