0000000289
0000000397
0000000038
0000000148
0000000158
0000000126
0000000136
0000000099
0000000021
0000000063
0000000228
0000000175
0000000026
0000000092
0000000249
0000000084
0000000122
0000000153
0000000071
0000000112
0000000133
0000000536
0000000171
0000000158
0000000127
0000000044
0000000020
0000000019
0000000042
0000000196
0000000080
0000000088
0000000030
0000000399
0000000022
0000000020
0000000261
0000000100
0000000241
0000000029
0000000091
0000000084
0000000188
0000000024
0000000192
0000000037
0000000036
0000000511
0000000379
0000000052
0000000150
0000000101
0000000135
0000000288
0000000226
0000000121
0000000094
0000000181
0000000207
0000000044
0000000270
0000000299
0000000060
0000000037
0000000067
0000000052
0000000157
0000000050
0000000381
0000000031
0000000304
0000000382
0000000068
0000000251
0000000204
0000000225
